ratio e_15 p_15 M M_0 r_star spin Omega_K I J/M^2 
1.00000 0.20000 0.00198 0.12610 0.12571 36.17089 0.0 594.5 0.00000 0.00000 
1.00000 0.20800 0.00218 0.13182 0.13147 31.99258 0.0 730.7 0.00000 0.00000 
1.00000 0.21600 0.00239 0.13788 0.13758 28.85230 0.0 872.6 0.00000 0.00000 
1.00000 0.22400 0.00261 0.14431 0.14407 26.38145 0.0 1021.0 0.00000 0.00000 
1.00000 0.23200 0.00285 0.15112 0.15095 24.38962 0.0 1175.4 0.00000 0.00000 
1.00000 0.24000 0.00311 0.15830 0.15821 22.76105 0.0 1334.4 0.00000 0.00000 
1.00000 0.24800 0.00339 0.16584 0.16583 21.41212 0.0 1496.8 0.00000 0.00000 
1.00000 0.25600 0.00368 0.17372 0.17383 20.27999 0.0 1662.1 0.00000 0.00000 
1.00000 0.26400 0.00399 0.18196 0.18219 19.32445 0.0 1828.7 0.00000 0.00000 
1.00000 0.27200 0.00431 0.19044 0.19080 18.52525 0.0 1993.2 0.00000 0.00000 
1.00000 0.28000 0.00466 0.19926 0.19977 17.82971 0.0 2159.3 0.00000 0.00000 
1.00000 0.28800 0.00502 0.20857 0.20926 17.20910 0.0 2329.7 0.00000 0.00000 
1.00000 0.29600 0.00541 0.21793 0.21881 16.69687 0.0 2491.9 0.00000 0.00000 
1.00000 0.30400 0.00581 0.22781 0.22890 16.22617 0.0 2659.4 0.00000 0.00000 
1.00000 0.31200 0.00624 0.23785 0.23918 15.82514 0.0 2821.3 0.00000 0.00000 
1.00000 0.32000 0.00668 0.24830 0.24989 15.45986 0.0 2985.4 0.00000 0.00000 
1.00000 0.32800 0.00715 0.25883 0.26070 15.14900 0.0 3142.3 0.00000 0.00000 
1.00000 0.33600 0.00764 0.26995 0.27213 14.85530 0.0 3304.7 0.00000 0.00000 
1.00000 0.34400 0.00815 0.28096 0.28346 14.61017 0.0 3456.7 0.00000 0.00000 
1.00000 0.35200 0.00868 0.29252 0.29540 14.37779 0.0 3613.0 0.00000 0.00000 
1.00000 0.36000 0.00924 0.30422 0.30750 14.17259 0.0 3764.8 0.00000 0.00000 
1.00000 0.36800 0.00982 0.31595 0.31962 13.99502 0.0 3909.9 0.00000 0.00000 
1.00000 0.37600 0.01042 0.32824 0.33238 13.82501 0.0 4059.0 0.00000 0.00000 
1.00000 0.38400 0.01105 0.34065 0.34529 13.67299 0.0 4204.2 0.00000 0.00000 
1.00000 0.39200 0.01170 0.35308 0.35822 13.53986 0.0 4343.5 0.00000 0.00000 
1.00000 0.40000 0.01237 0.36556 0.37121 13.42155 0.0 4478.1 0.00000 0.00000 
1.00000 0.40800 0.01307 0.37882 0.38510 13.30223 0.0 4620.1 0.00000 0.00000 
1.00000 0.41600 0.01380 0.39191 0.39880 13.19988 0.0 4754.0 0.00000 0.00000 
1.00000 0.42400 0.01455 0.40507 0.41260 13.10824 0.0 4883.9 0.00000 0.00000 
1.00000 0.43200 0.01532 0.41832 0.42652 13.02489 0.0 5010.9 0.00000 0.00000 
1.00000 0.44000 0.01613 0.43168 0.44059 12.94929 0.0 5134.9 0.00000 0.00000 
1.00000 0.44800 0.01695 0.44580 0.45552 12.87169 0.0 5265.5 0.00000 0.00000 
1.00000 0.45600 0.01781 0.45958 0.47010 12.80588 0.0 5387.5 0.00000 0.00000 
1.00000 0.46400 0.01869 0.47323 0.48454 12.74821 0.0 5504.0 0.00000 0.00000 
1.00000 0.47200 0.01960 0.48726 0.49946 12.69193 0.0 5622.3 0.00000 0.00000 
1.00000 0.48000 0.02053 0.50117 0.51425 12.64208 0.0 5735.7 0.00000 0.00000 
1.00000 0.48800 0.02149 0.51500 0.52896 12.59788 0.0 5844.9 0.00000 0.00000 
1.00000 0.49600 0.02248 0.52942 0.54439 12.55260 0.0 5958.3 0.00000 0.00000 
1.00000 0.50400 0.02350 0.54423 0.56031 12.50783 0.0 6073.5 0.00000 0.00000 
1.00000 0.51200 0.02454 0.55855 0.57568 12.47048 0.0 6180.6 0.00000 0.00000 
1.00000 0.52000 0.02561 0.57268 0.59086 12.43776 0.0 6283.0 0.00000 0.00000 
1.00000 0.52800 0.02671 0.58702 0.60631 12.40601 0.0 6385.6 0.00000 0.00000 
1.00000 0.53600 0.02784 0.60159 0.62206 12.37516 0.0 6488.5 0.00000 0.00000 
1.00000 0.54400 0.02900 0.61611 0.63779 12.34683 0.0 6589.0 0.00000 0.00000 
1.00000 0.55200 0.03018 0.63041 0.65329 12.32184 0.0 6685.3 0.00000 0.00000 
1.00000 0.56000 0.03140 0.64460 0.66868 12.29903 0.0 6778.9 0.00000 0.00000 
1.00000 0.56800 0.03264 0.65894 0.68429 12.27690 0.0 6872.4 0.00000 0.00000 
1.00000 0.57600 0.03391 0.67379 0.70057 12.25353 0.0 6969.4 0.00000 0.00000 
1.00000 0.58400 0.03521 0.68876 0.71702 12.23077 0.0 7066.0 0.00000 0.00000 
1.00000 0.59200 0.03654 0.70338 0.73309 12.21086 0.0 7158.1 0.00000 0.00000 
1.00000 0.60000 0.03789 0.71771 0.74885 12.19335 0.0 7246.3 0.00000 0.00000 
1.00000 0.60800 0.03928 0.73190 0.76446 12.17722 0.0 7332.1 0.00000 0.00000 
1.00000 0.61600 0.04070 0.74608 0.78010 12.16177 0.0 7416.9 0.00000 0.00000 
1.00000 0.62400 0.04214 0.76026 0.79578 12.14696 0.0 7500.7 0.00000 0.00000 
1.00000 0.63200 0.04362 0.77460 0.81171 12.13206 0.0 7585.1 0.00000 0.00000 
1.00000 0.64000 0.04513 0.78897 0.82771 12.11756 0.0 7668.8 0.00000 0.00000 
1.00000 0.64800 0.04666 0.80325 0.84366 12.10377 0.0 7751.2 0.00000 0.00000 
1.00000 0.65600 0.04822 0.81731 0.85936 12.09115 0.0 7831.0 0.00000 0.00000 
1.00000 0.66400 0.04982 0.83124 0.87495 12.07923 0.0 7909.1 0.00000 0.00000 
1.00000 0.67200 0.05144 0.84509 0.89047 12.06786 0.0 7986.0 0.00000 0.00000 
1.00000 0.68000 0.05310 0.85886 0.90594 12.05683 0.0 8061.8 0.00000 0.00000 
1.00000 0.68800 0.05478 0.87250 0.92128 12.04633 0.0 8136.2 0.00000 0.00000 
1.00000 0.69600 0.05649 0.88610 0.93663 12.03606 0.0 8209.9 0.00000 0.00000 
1.00000 0.70400 0.05824 0.90001 0.95237 12.02735 0.0 8282.6 0.00000 0.00000 
1.00000 0.71200 0.06001 0.91362 0.96787 12.01488 0.0 8358.4 0.00000 0.00000 
1.00000 0.72000 0.06181 0.92750 0.98376 12.00400 0.0 8433.2 0.00000 0.00000 
1.00000 0.72800 0.06365 0.94131 0.99959 11.99331 0.0 8507.2 0.00000 0.00000 
1.00000 0.73600 0.06551 0.95475 1.01499 11.98351 0.0 8578.2 0.00000 0.00000 
1.00000 0.74400 0.06740 0.96797 1.03014 11.97419 0.0 8647.5 0.00000 0.00000 
1.00000 0.75200 0.06933 0.98104 1.04513 11.96520 0.0 8715.5 0.00000 0.00000 
1.00000 0.76000 0.07128 0.99397 1.06000 11.95640 0.0 8782.4 0.00000 0.00000 
1.00000 0.76800 0.07327 1.00683 1.07483 11.94763 0.0 8848.8 0.00000 0.00000 
1.00000 0.77600 0.07528 1.01957 1.08955 11.93900 0.0 8914.2 0.00000 0.00000 
1.00000 0.78400 0.07732 1.03220 1.10416 11.93048 0.0 8978.9 0.00000 0.00000 
1.00000 0.79200 0.07940 1.04469 1.11865 11.92207 0.0 9042.6 0.00000 0.00000 
1.00000 0.80000 0.08150 1.05705 1.13301 11.91378 0.0 9105.4 0.00000 0.00000 
1.00000 0.80800 0.08364 1.06931 1.14728 11.90555 0.0 9167.5 0.00000 0.00000 
1.00000 0.81600 0.08580 1.08147 1.16147 11.89733 0.0 9229.1 0.00000 0.00000 
1.00000 0.82400 0.08799 1.09356 1.17562 11.88906 0.0 9290.2 0.00000 0.00000 
1.00000 0.83200 0.09022 1.10565 1.18983 11.88063 0.0 9351.3 0.00000 0.00000 
1.00000 0.84000 0.09247 1.11766 1.20398 11.87219 0.0 9412.0 0.00000 0.00000 
1.00000 0.84800 0.09476 1.12956 1.21805 11.86372 0.0 9472.2 0.00000 0.00000 
1.00000 0.85600 0.09707 1.14136 1.23201 11.85527 0.0 9531.7 0.00000 0.00000 
1.00000 0.86400 0.09941 1.15294 1.24574 11.84699 0.0 9590.0 0.00000 0.00000 
1.00000 0.87200 0.10179 1.16437 1.25930 11.83878 0.0 9647.5 0.00000 0.00000 
1.00000 0.88000 0.10419 1.17566 1.27272 11.83059 0.0 9704.2 0.00000 0.00000 
1.00000 0.88800 0.10662 1.18682 1.28601 11.82243 0.0 9760.2 0.00000 0.00000 
1.00000 0.89600 0.10909 1.19786 1.29918 11.81428 0.0 9815.6 0.00000 0.00000 
1.00000 0.90400 0.11158 1.20879 1.31225 11.80607 0.0 9870.6 0.00000 0.00000 
1.00000 0.91200 0.11410 1.21961 1.32521 11.79785 0.0 9925.0 0.00000 0.00000 
1.00000 0.92000 0.11665 1.23031 1.33806 11.78960 0.0 9978.9 0.00000 0.00000 
1.00000 0.92800 0.11923 1.24089 1.35079 11.78134 0.0 10032.3 0.00000 0.00000 
1.00000 0.93600 0.12184 1.25135 1.36341 11.77305 0.0 10085.1 0.00000 0.00000 
1.00000 0.94400 0.12448 1.26170 1.37592 11.76473 0.0 10137.5 0.00000 0.00000 
1.00000 0.95200 0.12715 1.27193 1.38831 11.75638 0.0 10189.4 0.00000 0.00000 
1.00000 0.96000 0.12985 1.28205 1.40059 11.74799 0.0 10240.8 0.00000 0.00000 
1.00000 0.96800 0.13257 1.29206 1.41275 11.73957 0.0 10291.7 0.00000 0.00000 
1.00000 0.97600 0.13533 1.30195 1.42480 11.73112 0.0 10342.2 0.00000 0.00000 
1.00000 0.98400 0.13811 1.31172 1.43673 11.72264 0.0 10392.2 0.00000 0.00000 
1.00000 0.99200 0.14093 1.32135 1.44851 11.71415 0.0 10441.6 0.00000 0.00000 
1.00000 1.00000 0.14377 1.33085 1.46015 11.70564 0.0 10490.5 0.00000 0.00000 
1.00000 1.00800 0.14664 1.34072 1.47226 11.69872 0.0 10538.0 0.00000 0.00000 
1.00000 1.01600 0.14954 1.35002 1.48370 11.69013 0.0 10586.1 0.00000 0.00000 
1.00000 1.02400 0.15247 1.35875 1.49446 11.67988 0.0 10635.0 0.00000 0.00000 
1.00000 1.03200 0.15543 1.36841 1.50641 11.67302 0.0 10681.3 0.00000 0.00000 
1.00000 1.04000 0.15842 1.37754 1.51776 11.66429 0.0 10728.9 0.00000 0.00000 
1.00000 1.04800 0.16143 1.38602 1.52834 11.65342 0.0 10777.8 0.00000 0.00000 
1.00000 1.05600 0.16447 1.39499 1.53958 11.64443 0.0 10825.2 0.00000 0.00000 
1.00000 1.06400 0.16755 1.40386 1.55072 11.63539 0.0 10872.3 0.00000 0.00000 
1.00000 1.07200 0.17064 1.41263 1.56176 11.62632 0.0 10919.1 0.00000 0.00000 
1.00000 1.08000 0.17377 1.42129 1.57269 11.61723 0.0 10965.4 0.00000 0.00000 
1.00000 1.08800 0.17693 1.42982 1.58346 11.60814 0.0 11011.2 0.00000 0.00000 
1.00000 1.09600 0.18011 1.43812 1.59392 11.59913 0.0 11056.1 0.00000 0.00000 
1.00000 1.10400 0.18332 1.44630 1.60424 11.59014 0.0 11100.4 0.00000 0.00000 
1.00000 1.11200 0.18656 1.45435 1.61441 11.58116 0.0 11144.2 0.00000 0.00000 
1.00000 1.12000 0.18983 1.46228 1.62443 11.57215 0.0 11187.6 0.00000 0.00000 
1.00000 1.12800 0.19312 1.47009 1.63432 11.56315 0.0 11230.5 0.00000 0.00000 
1.00000 1.13600 0.19645 1.47779 1.64408 11.55413 0.0 11273.1 0.00000 0.00000 
1.00000 1.14400 0.19979 1.48538 1.65371 11.54510 0.0 11315.3 0.00000 0.00000 
1.00000 1.15200 0.20317 1.49287 1.66325 11.53604 0.0 11357.2 0.00000 0.00000 
1.00000 1.16000 0.20657 1.50028 1.67269 11.52695 0.0 11398.8 0.00000 0.00000 
1.00000 1.16800 0.21000 1.50759 1.68202 11.51785 0.0 11440.0 0.00000 0.00000 
1.00000 1.17600 0.21346 1.51479 1.69124 11.50873 0.0 11481.0 0.00000 0.00000 
1.00000 1.18400 0.21695 1.52190 1.70035 11.49961 0.0 11521.6 0.00000 0.00000 
1.00000 1.19200 0.22046 1.52891 1.70934 11.49045 0.0 11561.9 0.00000 0.00000 
1.00000 1.20000 0.22400 1.53582 1.71823 11.48130 0.0 11601.9 0.00000 0.00000 
1.00000 1.20800 0.22756 1.54264 1.72701 11.47212 0.0 11641.5 0.00000 0.00000 
1.00000 1.21600 0.23115 1.54936 1.73567 11.46293 0.0 11680.9 0.00000 0.00000 
1.00000 1.22400 0.23477 1.55598 1.74424 11.45373 0.0 11720.0 0.00000 0.00000 
1.00000 1.23200 0.23842 1.56253 1.75270 11.44454 0.0 11758.7 0.00000 0.00000 
1.00000 1.24000 0.24209 1.56897 1.76105 11.43533 0.0 11797.2 0.00000 0.00000 
1.00000 1.24800 0.24579 1.57533 1.76930 11.42610 0.0 11835.4 0.00000 0.00000 
1.00000 1.25600 0.24951 1.58160 1.77745 11.41688 0.0 11873.3 0.00000 0.00000 
1.00000 1.26400 0.25326 1.58777 1.78548 11.40762 0.0 11910.9 0.00000 0.00000 
1.00000 1.27200 0.25703 1.59386 1.79343 11.39838 0.0 11948.3 0.00000 0.00000 
1.00000 1.28000 0.26083 1.59987 1.80127 11.38914 0.0 11985.3 0.00000 0.00000 
1.00000 1.28800 0.26466 1.60580 1.80902 11.37990 0.0 12022.1 0.00000 0.00000 
1.00000 1.29600 0.26851 1.61163 1.81666 11.37063 0.0 12058.7 0.00000 0.00000 
1.00000 1.30400 0.27239 1.61739 1.82421 11.36138 0.0 12094.9 0.00000 0.00000 
1.00000 1.31200 0.27629 1.62306 1.83166 11.35212 0.0 12130.9 0.00000 0.00000 
1.00000 1.32000 0.28022 1.62865 1.83902 11.34286 0.0 12166.7 0.00000 0.00000 
1.00000 1.32800 0.28418 1.63416 1.84627 11.33360 0.0 12202.2 0.00000 0.00000 
1.00000 1.33600 0.28815 1.63960 1.85344 11.32434 0.0 12237.5 0.00000 0.00000 
1.00000 1.34400 0.29216 1.64495 1.86052 11.31508 0.0 12272.5 0.00000 0.00000 
1.00000 1.35200 0.29619 1.65023 1.86750 11.30582 0.0 12307.2 0.00000 0.00000 
1.00000 1.36000 0.30024 1.65544 1.87440 11.29657 0.0 12341.8 0.00000 0.00000 
1.00000 1.36800 0.30432 1.66057 1.88121 11.28732 0.0 12376.1 0.00000 0.00000 
1.00000 1.37600 0.30842 1.66563 1.88793 11.27807 0.0 12410.1 0.00000 0.00000 
1.00000 1.38400 0.31255 1.67059 1.89453 11.26878 0.0 12444.0 0.00000 0.00000 
1.00000 1.39200 0.31670 1.67552 1.90109 11.25958 0.0 12477.6 0.00000 0.00000 
1.00000 1.40000 0.32087 1.68037 1.90756 11.25035 0.0 12511.0 0.00000 0.00000 
1.00000 1.40800 0.32507 1.68513 1.91392 11.24110 0.0 12544.2 0.00000 0.00000 
1.00000 1.41600 0.32930 1.68984 1.92022 11.23189 0.0 12577.1 0.00000 0.00000 
1.00000 1.42400 0.33355 1.69446 1.92641 11.22264 0.0 12609.9 0.00000 0.00000 
1.00000 1.43200 0.33782 1.69905 1.93256 11.21347 0.0 12642.4 0.00000 0.00000 
1.00000 1.44000 0.34211 1.70354 1.93860 11.20426 0.0 12674.7 0.00000 0.00000 
1.00000 1.44800 0.34643 1.70798 1.94456 11.19507 0.0 12706.8 0.00000 0.00000 
1.00000 1.45600 0.35078 1.71235 1.95045 11.18588 0.0 12738.7 0.00000 0.00000 
1.00000 1.46400 0.35515 1.71667 1.95627 11.17674 0.0 12770.4 0.00000 0.00000 
1.00000 1.47200 0.35954 1.72091 1.96200 11.16757 0.0 12801.9 0.00000 0.00000 
1.00000 1.48000 0.36395 1.72509 1.96764 11.15842 0.0 12833.2 0.00000 0.00000 
1.00000 1.48800 0.36839 1.72921 1.97321 11.14929 0.0 12864.3 0.00000 0.00000 
1.00000 1.49600 0.37285 1.73327 1.97870 11.14017 0.0 12895.2 0.00000 0.00000 
1.00000 1.50400 0.37733 1.73727 1.98413 11.13106 0.0 12925.9 0.00000 0.00000 
1.00000 1.51200 0.38184 1.74121 1.98948 11.12196 0.0 12956.4 0.00000 0.00000 
1.00000 1.52000 0.38636 1.74508 1.99474 11.11286 0.0 12986.7 0.00000 0.00000 
1.00000 1.52800 0.39092 1.74891 1.99996 11.10379 0.0 13016.9 0.00000 0.00000 
1.00000 1.53600 0.39549 1.75269 2.00510 11.09475 0.0 13046.8 0.00000 0.00000 
1.00000 1.54400 0.40009 1.75639 2.01016 11.08566 0.0 13076.7 0.00000 0.00000 
1.00000 1.55200 0.40471 1.76007 2.01519 11.07666 0.0 13106.3 0.00000 0.00000 
1.00000 1.56000 0.40935 1.76369 2.02014 11.06766 0.0 13135.7 0.00000 0.00000 
1.00000 1.56800 0.41401 1.76725 2.02502 11.05864 0.0 13165.0 0.00000 0.00000 
1.00000 1.57600 0.41870 1.77076 2.02985 11.04967 0.0 13194.2 0.00000 0.00000 
1.00000 1.58400 0.42340 1.77423 2.03462 11.04069 0.0 13223.2 0.00000 0.00000 
1.00000 1.59200 0.42813 1.77764 2.03933 11.03169 0.0 13252.1 0.00000 0.00000 
1.00000 1.60000 0.43288 1.78104 2.04403 11.02278 0.0 13280.8 0.00000 0.00000 
1.00000 1.60800 0.43766 1.78437 2.04864 11.01384 0.0 13309.5 0.00000 0.00000 
1.00000 1.61600 0.44245 1.78765 2.05319 11.00489 0.0 13337.9 0.00000 0.00000 
1.00000 1.62400 0.44727 1.79088 2.05769 10.99599 0.0 13366.2 0.00000 0.00000 
1.00000 1.63200 0.45211 1.79409 2.06215 10.98713 0.0 13394.4 0.00000 0.00000 
1.00000 1.64000 0.45697 1.79723 2.06652 10.97824 0.0 13422.4 0.00000 0.00000 
1.00000 1.64800 0.46185 1.80034 2.07087 10.96943 0.0 13450.2 0.00000 0.00000 
1.00000 1.65600 0.46675 1.80340 2.07514 10.96060 0.0 13477.9 0.00000 0.00000 
1.00000 1.66400 0.47167 1.80641 2.07936 10.95179 0.0 13505.4 0.00000 0.00000 
1.00000 1.67200 0.47662 1.80938 2.08352 10.94301 0.0 13532.8 0.00000 0.00000 
1.00000 1.68000 0.48158 1.81230 2.08762 10.93424 0.0 13560.1 0.00000 0.00000 
1.00000 1.68800 0.48657 1.81518 2.09166 10.92550 0.0 13587.1 0.00000 0.00000 
1.00000 1.69600 0.49158 1.81800 2.09562 10.91673 0.0 13614.1 0.00000 0.00000 
1.00000 1.70400 0.49661 1.82079 2.09956 10.90803 0.0 13640.9 0.00000 0.00000 
1.00000 1.71200 0.50165 1.82353 2.10342 10.89936 0.0 13667.4 0.00000 0.00000 
1.00000 1.72000 0.50672 1.82624 2.10722 10.89074 0.0 13693.8 0.00000 0.00000 
1.00000 1.72800 0.51181 1.82889 2.11095 10.88212 0.0 13720.0 0.00000 0.00000 
1.00000 1.73600 0.51692 1.83148 2.11460 10.87347 0.0 13746.1 0.00000 0.00000 
1.00000 1.74400 0.52205 1.83406 2.11824 10.86491 0.0 13772.0 0.00000 0.00000 
1.00000 1.75200 0.52720 1.83660 2.12182 10.85637 0.0 13797.8 0.00000 0.00000 
1.00000 1.76000 0.53237 1.83907 2.12531 10.84780 0.0 13823.5 0.00000 0.00000 
1.00000 1.76800 0.53756 1.84153 2.12879 10.83931 0.0 13849.0 0.00000 0.00000 
1.00000 1.77600 0.54277 1.84393 2.13218 10.83079 0.0 13874.3 0.00000 0.00000 
1.00000 1.78400 0.54800 1.84632 2.13556 10.82236 0.0 13899.5 0.00000 0.00000 
1.00000 1.79200 0.55325 1.84864 2.13885 10.81389 0.0 13924.6 0.00000 0.00000 
1.00000 1.80000 0.55851 1.85096 2.14213 10.80550 0.0 13949.5 0.00000 0.00000 
1.00000 1.80800 0.56380 1.85321 2.14533 10.79707 0.0 13974.4 0.00000 0.00000 
1.00000 1.81600 0.56911 1.85543 2.14849 10.78869 0.0 13999.0 0.00000 0.00000 
1.00000 1.82400 0.57443 1.85764 2.15162 10.78037 0.0 14023.5 0.00000 0.00000 
1.00000 1.83200 0.57978 1.85979 2.15468 10.77203 0.0 14048.0 0.00000 0.00000 
1.00000 1.84000 0.58515 1.86191 2.15770 10.76372 0.0 14072.3 0.00000 0.00000 
1.00000 1.84800 0.59053 1.86402 2.16071 10.75547 0.0 14096.4 0.00000 0.00000 
1.00000 1.85600 0.59593 1.86607 2.16363 10.74720 0.0 14120.4 0.00000 0.00000 
1.00000 1.86400 0.60135 1.86809 2.16652 10.73896 0.0 14144.3 0.00000 0.00000 
1.00000 1.87200 0.60679 1.87009 2.16938 10.73075 0.0 14168.1 0.00000 0.00000 
1.00000 1.88000 0.61225 1.87206 2.17220 10.72257 0.0 14191.8 0.00000 0.00000 
1.00000 1.88800 0.61773 1.87400 2.17497 10.71442 0.0 14215.3 0.00000 0.00000 
1.00000 1.89600 0.62323 1.87590 2.17770 10.70627 0.0 14238.8 0.00000 0.00000 
1.00000 1.90400 0.62874 1.87778 2.18039 10.69816 0.0 14262.1 0.00000 0.00000 
1.00000 1.91200 0.63428 1.87962 2.18304 10.69007 0.0 14285.3 0.00000 0.00000 
1.00000 1.92000 0.63983 1.88234 2.18692 10.68406 0.0 14306.3 0.00000 0.00000 
1.00000 1.92800 0.64540 1.88412 2.18947 10.67599 0.0 14329.3 0.00000 0.00000 
1.00000 1.93600 0.65099 1.88587 2.19200 10.66796 0.0 14352.2 0.00000 0.00000 
1.00000 1.94400 0.65659 1.88761 2.19450 10.65999 0.0 14374.9 0.00000 0.00000 
1.00000 1.95200 0.66222 1.88933 2.19698 10.65205 0.0 14397.4 0.00000 0.00000 
1.00000 1.96000 0.66786 1.89103 2.19943 10.64417 0.0 14419.9 0.00000 0.00000 
1.00000 1.96800 0.67352 1.89271 2.20186 10.63632 0.0 14442.2 0.00000 0.00000 
1.00000 1.97600 0.67920 1.89437 2.20427 10.62852 0.0 14464.4 0.00000 0.00000 
1.00000 1.98400 0.68489 1.89497 2.20518 10.61841 0.0 14488.9 0.00000 0.00000 
1.00000 1.99200 0.69061 1.89655 2.20746 10.61057 0.0 14510.9 0.00000 0.00000 
1.00000 2.00000 0.69634 1.89829 2.21000 10.60379 0.0 14531.2 0.00000 0.00000 
1.00000 2.00800 0.70209 1.89981 2.21219 10.59603 0.0 14552.9 0.00000 0.00000 
1.00000 2.01600 0.70785 1.90110 2.21407 10.58719 0.0 14576.5 0.00000 0.00000 
1.00000 2.02400 0.71363 1.90258 2.21621 10.57945 0.0 14598.1 0.00000 0.00000 
1.00000 2.03200 0.71943 1.90403 2.21832 10.57174 0.0 14619.6 0.00000 0.00000 
1.00000 2.04000 0.72525 1.90556 2.22055 10.56492 0.0 14639.4 0.00000 0.00000 
1.00000 2.04800 0.73109 1.90696 2.22258 10.55733 0.0 14660.5 0.00000 0.00000 
1.00000 2.05600 0.73694 1.90823 2.22443 10.54873 0.0 14683.6 0.00000 0.00000 
1.00000 2.06400 0.74280 1.90962 2.22648 10.54184 0.0 14703.3 0.00000 0.00000 
1.00000 2.07200 0.74869 1.91096 2.22842 10.53434 0.0 14724.0 0.00000 0.00000 
1.00000 2.08000 0.75459 1.91229 2.23033 10.52688 0.0 14744.6 0.00000 0.00000 
1.00000 2.08800 0.76051 1.91350 2.23215 10.51905 0.0 14766.1 0.00000 0.00000 
1.00000 2.09600 0.76644 1.91478 2.23400 10.51165 0.0 14786.5 0.00000 0.00000 
1.00000 2.10400 0.77239 1.91602 2.23582 10.50341 0.0 14808.9 0.00000 0.00000 
1.00000 2.11200 0.77836 1.91720 2.23755 10.49654 0.0 14827.9 0.00000 0.00000 
1.00000 2.12000 0.78434 1.91842 2.23931 10.48923 0.0 14847.9 0.00000 0.00000 
1.00000 2.12800 0.79034 1.91954 2.24100 10.48156 0.0 14868.8 0.00000 0.00000 
1.00000 2.13600 0.79636 1.92073 2.24270 10.47431 0.0 14888.6 0.00000 0.00000 
1.00000 2.14400 0.80239 1.92203 2.24462 10.46650 0.0 14910.4 0.00000 0.00000 
1.00000 2.15200 0.80844 1.92295 2.24598 10.45952 0.0 14928.9 0.00000 0.00000 
1.00000 2.16000 0.81450 1.92426 2.24790 10.45183 0.0 14950.4 0.00000 0.00000 
1.00000 2.16800 0.82058 1.92511 2.24915 10.44484 0.0 14968.8 0.00000 0.00000 
1.00000 2.17600 0.82668 1.92641 2.25107 10.43727 0.0 14990.1 0.00000 0.00000 
1.00000 2.18400 0.83279 1.92720 2.25222 10.43029 0.0 15008.3 0.00000 0.00000 
1.00000 2.19200 0.83892 1.92850 2.25414 10.42282 0.0 15029.3 0.00000 0.00000 
1.00000 2.20000 0.84506 1.92922 2.25519 10.41585 0.0 15047.3 0.00000 0.00000 
1.00000 2.20800 0.85122 1.93052 2.25712 10.40848 0.0 15068.3 0.00000 0.00000 
1.00000 2.21600 0.85740 1.93146 2.25852 10.40126 0.0 15087.7 0.00000 0.00000 
1.00000 2.22400 0.86359 1.93247 2.26000 10.39423 0.0 15106.8 0.00000 0.00000 
1.00000 2.23200 0.86979 1.93338 2.26135 10.38707 0.0 15126.0 0.00000 0.00000 
1.00000 2.24000 0.87601 1.93428 2.26268 10.37994 0.0 15145.2 0.00000 0.00000 
1.00000 2.24800 0.88225 1.93524 2.26410 10.37299 0.0 15164.1 0.00000 0.00000 
1.00000 2.25600 0.88850 1.93610 2.26538 10.36591 0.0 15183.0 0.00000 0.00000 
1.00000 2.26400 0.89477 1.93695 2.26664 10.35885 0.0 15201.9 0.00000 0.00000 
1.00000 2.27200 0.90105 1.93787 2.26800 10.35198 0.0 15220.5 0.00000 0.00000 
1.00000 2.28000 0.90735 1.93869 2.26922 10.34498 0.0 15239.3 0.00000 0.00000 
1.00000 2.28800 0.91366 1.93950 2.27042 10.33800 0.0 15257.9 0.00000 0.00000 
1.00000 2.29600 0.91999 1.94037 2.27172 10.33121 0.0 15276.3 0.00000 0.00000 
1.00000 2.30400 0.92633 1.94114 2.27286 10.32427 0.0 15294.7 0.00000 0.00000 
1.00000 2.31200 0.93268 1.94191 2.27401 10.31738 0.0 15313.1 0.00000 0.00000 
1.00000 2.32000 0.93905 1.94266 2.27512 10.31050 0.0 15331.4 0.00000 0.00000 
1.00000 2.32800 0.94544 1.94339 2.27622 10.30364 0.0 15349.6 0.00000 0.00000 
1.00000 2.33600 0.95184 1.94420 2.27742 10.29698 0.0 15367.6 0.00000 0.00000 
1.00000 2.34400 0.95825 1.94491 2.27847 10.29018 0.0 15385.6 0.00000 0.00000 
1.00000 2.35200 0.96468 1.94560 2.27951 10.28340 0.0 15403.6 0.00000 0.00000 
1.00000 2.36000 0.97113 1.94628 2.28053 10.27664 0.0 15421.5 0.00000 0.00000 
1.00000 2.36800 0.97758 1.94695 2.28152 10.26991 0.0 15439.4 0.00000 0.00000 
1.00000 2.37600 0.98406 1.94770 2.28264 10.26338 0.0 15456.9 0.00000 0.00000 
1.00000 2.38400 0.99054 1.94834 2.28360 10.25670 0.0 15474.6 0.00000 0.00000 
1.00000 2.39200 0.99704 1.94897 2.28454 10.25004 0.0 15492.2 0.00000 0.00000 
1.00000 2.40000 1.00356 1.94959 2.28547 10.24341 0.0 15509.7 0.00000 0.00000 
1.00000 2.40800 1.01008 1.95019 2.28638 10.23680 0.0 15527.1 0.00000 0.00000 
1.00000 2.41600 1.01663 1.95079 2.28727 10.23022 0.0 15544.5 0.00000 0.00000 
1.00000 2.42400 1.02318 1.95137 2.28814 10.22366 0.0 15561.8 0.00000 0.00000 
1.00000 2.43200 1.02975 1.95243 2.28971 10.21799 0.0 15578.2 0.00000 0.00000 
1.00000 2.44000 1.03634 1.95260 2.28998 10.21080 0.0 15596.0 0.00000 0.00000 
1.00000 2.44800 1.04293 1.95315 2.29080 10.20431 0.0 15613.0 0.00000 0.00000 
1.00000 2.45600 1.04954 1.95369 2.29161 10.19784 0.0 15630.0 0.00000 0.00000 
1.00000 2.46400 1.05617 1.95421 2.29240 10.19141 0.0 15646.9 0.00000 0.00000 
1.00000 2.47200 1.06280 1.95473 2.29317 10.18499 0.0 15663.8 0.00000 0.00000 
1.00000 2.48000 1.06945 1.95523 2.29393 10.17860 0.0 15680.6 0.00000 0.00000 
1.00000 2.48800 1.07612 1.95573 2.29468 10.17223 0.0 15697.3 0.00000 0.00000 
1.00000 2.49600 1.08279 1.95621 2.29541 10.16588 0.0 15713.9 0.00000 0.00000 
1.00000 2.50400 1.08948 1.95732 2.29703 10.16067 0.0 15729.4 0.00000 0.00000 
1.00000 2.51200 1.09619 1.95778 2.29773 10.15436 0.0 15745.9 0.00000 0.00000 
1.00000 2.52000 1.10291 1.95823 2.29841 10.14808 0.0 15762.3 0.00000 0.00000 
1.00000 2.52800 1.10964 1.95868 2.29908 10.14183 0.0 15778.7 0.00000 0.00000 
1.00000 2.53600 1.11638 1.95912 2.29975 10.13561 0.0 15795.0 0.00000 0.00000 
1.00000 2.54400 1.12314 1.95955 2.30040 10.12941 0.0 15811.2 0.00000 0.00000 
1.00000 2.55200 1.12990 1.95997 2.30104 10.12323 0.0 15827.3 0.00000 0.00000 
1.00000 2.56000 1.13669 1.96039 2.30166 10.11708 0.0 15843.4 0.00000 0.00000 
1.00000 2.56800 1.14348 1.96080 2.30228 10.11096 0.0 15859.4 0.00000 0.00000 
1.00000 2.57600 1.15029 1.96120 2.30289 10.10487 0.0 15875.4 0.00000 0.00000 
1.00000 2.58400 1.15711 1.96160 2.30348 10.09880 0.0 15891.2 0.00000 0.00000 
1.00000 2.59200 1.16394 1.96198 2.30407 10.09275 0.0 15907.0 0.00000 0.00000 
1.00000 2.60000 1.17079 1.96237 2.30464 10.08673 0.0 15922.8 0.00000 0.00000 
1.00000 2.60800 1.17765 1.96274 2.30520 10.08074 0.0 15938.4 0.00000 0.00000 
1.00000 2.61600 1.18452 1.96311 2.30576 10.07477 0.0 15954.0 0.00000 0.00000 
1.00000 2.62400 1.19140 1.96347 2.30630 10.06883 0.0 15969.6 0.00000 0.00000 
1.00000 2.63200 1.19830 1.96273 2.30524 10.06099 0.0 15987.0 0.00000 0.00000 
1.00000 2.64000 1.20520 1.96304 2.30572 10.05504 0.0 16002.5 0.00000 0.00000 
1.00000 2.64800 1.21212 1.96335 2.30618 10.04910 0.0 16017.9 0.00000 0.00000 
1.00000 2.65600 1.21906 1.96364 2.30662 10.04319 0.0 16033.3 0.00000 0.00000 
1.00000 2.66400 1.22600 1.96393 2.30706 10.03729 0.0 16048.5 0.00000 0.00000 
1.00000 2.67200 1.23296 1.96421 2.30748 10.03142 0.0 16063.8 0.00000 0.00000 
1.00000 2.68000 1.23993 1.96448 2.30789 10.02557 0.0 16078.9 0.00000 0.00000 
1.00000 2.68800 1.24691 1.96474 2.30829 10.01973 0.0 16094.0 0.00000 0.00000 
1.00000 2.69600 1.25390 1.96607 2.31023 10.01574 0.0 16107.2 0.00000 0.00000 
1.00000 2.70400 1.26091 1.96522 2.30902 10.00808 0.0 16124.2 0.00000 0.00000 
1.00000 2.71200 1.26792 1.96546 2.30938 10.00230 0.0 16139.1 0.00000 0.00000 
1.00000 2.72000 1.27495 1.96570 2.30973 9.99655 0.0 16154.0 0.00000 0.00000 
1.00000 2.72800 1.28199 1.96592 2.31008 9.99082 0.0 16168.8 0.00000 0.00000 
1.00000 2.73600 1.28905 1.96614 2.31041 9.98511 0.0 16183.5 0.00000 0.00000 
1.00000 2.74400 1.29611 1.96635 2.31073 9.97941 0.0 16198.3 0.00000 0.00000 
1.00000 2.75200 1.30319 1.96655 2.31104 9.97374 0.0 16212.9 0.00000 0.00000 
1.00000 2.76000 1.31027 1.96672 2.31129 9.96804 0.0 16227.6 0.00000 0.00000 
1.00000 2.76800 1.31737 1.96691 2.31158 9.96240 0.0 16242.1 0.00000 0.00000 
1.00000 2.77600 1.32448 1.96710 2.31186 9.95679 0.0 16256.6 0.00000 0.00000 
1.00000 2.78400 1.33161 1.96727 2.31212 9.95119 0.0 16271.0 0.00000 0.00000 
1.00000 2.79200 1.33874 1.96744 2.31238 9.94562 0.0 16285.4 0.00000 0.00000 
1.00000 2.80000 1.34588 1.96761 2.31263 9.94006 0.0 16299.7 0.00000 0.00000 
1.00000 2.80800 1.35304 1.96773 2.31282 9.93447 0.0 16314.0 0.00000 0.00000 
1.00000 2.81600 1.36021 1.96789 2.31305 9.92895 0.0 16328.2 0.00000 0.00000 
1.00000 2.82400 1.36739 1.96803 2.31327 9.92345 0.0 16342.4 0.00000 0.00000 
1.00000 2.83200 1.37458 1.96817 2.31347 9.91797 0.0 16356.5 0.00000 0.00000 
1.00000 2.84000 1.38178 1.96830 2.31367 9.91251 0.0 16370.5 0.00000 0.00000 
1.00000 2.84800 1.38899 1.96839 2.31382 9.90701 0.0 16384.6 0.00000 0.00000 
1.00000 2.85600 1.39621 1.96851 2.31400 9.90159 0.0 16398.5 0.00000 0.00000 
1.00000 2.86400 1.40345 1.96863 2.31417 9.89619 0.0 16412.4 0.00000 0.00000 
1.00000 2.87200 1.41069 1.96873 2.31433 9.89080 0.0 16426.3 0.00000 0.00000 
1.00000 2.88000 1.41795 1.96884 2.31448 9.88543 0.0 16440.1 0.00000 0.00000 
1.00000 2.88800 1.42521 1.96890 2.31458 9.88002 0.0 16453.9 0.00000 0.00000 
1.00000 2.89600 1.43249 1.96899 2.31471 9.87469 0.0 16467.6 0.00000 0.00000 
1.00000 2.90400 1.43978 1.96908 2.31484 9.86938 0.0 16481.2 0.00000 0.00000 
1.00000 2.91200 1.44708 1.96916 2.31496 9.86409 0.0 16494.8 0.00000 0.00000 
1.00000 2.92000 1.45439 1.96920 2.31502 9.85875 0.0 16508.4 0.00000 0.00000 
1.00000 2.92800 1.46171 1.96927 2.31512 9.85350 0.0 16521.9 0.00000 0.00000 
1.00000 2.93600 1.46904 1.96933 2.31522 9.84826 0.0 16535.3 0.00000 0.00000 
1.00000 2.94400 1.47638 1.96939 2.31530 9.84304 0.0 16548.7 0.00000 0.00000 
1.00000 2.95200 1.48373 1.96941 2.31533 9.83777 0.0 16562.1 0.00000 0.00000 
1.00000 2.96000 1.49109 1.96946 2.31540 9.83259 0.0 16575.4 0.00000 0.00000 
1.00000 2.96800 1.49846 1.96949 2.31545 9.82740 0.0 16588.7 0.00000 0.00000 
1.00000 2.97600 1.50585 1.96953 2.31550 9.82225 0.0 16601.8 0.00000 0.00000 
1.00000 2.98400 1.51324 1.96956 2.31555 9.81712 0.0 16615.0 0.00000 0.00000 
1.00000 2.99200 1.52064 1.96956 2.31554 9.81194 0.0 16628.2 0.00000 0.00000 
1.00000 3.00000 1.52806 1.96958 2.31557 9.80684 0.0 16641.2 0.00000 0.00000 
1.00000 3.00800 1.53548 1.96960 2.31559 9.80176 0.0 16654.2 0.00000 0.00000 
1.00000 3.01600 1.54292 1.96962 2.31561 9.79670 0.0 16667.2 0.00000 0.00000 
1.00000 3.02400 1.55036 1.96959 2.31557 9.79159 0.0 16680.2 0.00000 0.00000 
1.00000 3.03200 1.55781 1.96960 2.31557 9.78656 0.0 16693.0 0.00000 0.00000 
1.00000 3.04000 1.56528 1.96960 2.31557 9.78155 0.0 16705.8 0.00000 0.00000 
1.00000 3.04800 1.57275 1.96961 2.31557 9.77653 0.0 16718.6 0.00000 0.00000 
1.00000 3.05600 1.58024 1.96955 2.31549 9.77151 0.0 16731.4 0.00000 0.00000 
1.00000 3.06400 1.58773 1.96954 2.31546 9.76654 0.0 16744.1 0.00000 0.00000 
1.00000 3.07200 1.59524 1.96952 2.31543 9.76160 0.0 16756.7 0.00000 0.00000 
1.00000 3.08000 1.60275 1.96952 2.31542 9.75665 0.0 16769.4 0.00000 0.00000 
1.00000 3.08800 1.61027 1.96944 2.31530 9.75169 0.0 16781.9 0.00000 0.00000 
1.00000 3.09600 1.61781 1.96941 2.31525 9.74680 0.0 16794.4 0.00000 0.00000 
1.00000 3.10400 1.62535 1.96941 2.31522 9.74191 0.0 16806.9 0.00000 0.00000 
1.00000 3.11200 1.63290 1.96937 2.31516 9.73704 0.0 16819.4 0.00000 0.00000 
1.00000 3.12000 1.64047 1.96927 2.31501 9.73214 0.0 16831.8 0.00000 0.00000 
1.00000 3.12800 1.64804 1.96926 2.31497 9.72731 0.0 16844.1 0.00000 0.00000 
1.00000 3.13600 1.65562 1.96921 2.31489 9.72249 0.0 16856.4 0.00000 0.00000 
1.00000 3.14400 1.66321 1.96915 2.31480 9.71768 0.0 16868.7 0.00000 0.00000 
1.00000 3.15200 1.67081 1.96907 2.31467 9.71286 0.0 16880.9 0.00000 0.00000 
1.00000 3.16000 1.67843 1.96901 2.31457 9.70808 0.0 16893.1 0.00000 0.00000 
1.00000 3.16800 1.68605 1.96895 2.31446 9.70333 0.0 16905.2 0.00000 0.00000 
1.00000 3.17600 1.69367 1.96881 2.31425 9.69853 0.0 16917.3 0.00000 0.00000 
1.00000 3.18400 1.70131 1.96878 2.31419 9.69382 0.0 16929.4 0.00000 0.00000 
1.00000 3.19200 1.70896 1.96871 2.31407 9.68911 0.0 16941.4 0.00000 0.00000 
1.00000 3.20000 1.71662 1.96863 2.31394 9.68441 0.0 16953.3 0.00000 0.00000 
1.00000 3.20800 1.72429 1.96852 2.31377 9.67970 0.0 16965.3 0.00000 0.00000 
1.00000 3.21600 1.73196 1.96844 2.31363 9.67503 0.0 16977.2 0.00000 0.00000 
1.00000 3.22400 1.73965 1.96835 2.31348 9.67038 0.0 16989.0 0.00000 0.00000 
1.00000 3.23200 1.74734 1.96823 2.31330 9.66571 0.0 17000.9 0.00000 0.00000 
1.00000 3.24000 1.75505 1.96814 2.31314 9.66109 0.0 17012.6 0.00000 0.00000 
1.00000 3.24800 1.76276 1.96804 2.31298 9.65649 0.0 17024.3 0.00000 0.00000 
1.00000 3.25600 1.77048 1.96791 2.31278 9.65186 0.0 17036.1 0.00000 0.00000 
1.00000 3.26400 1.77821 1.96781 2.31260 9.64729 0.0 17047.7 0.00000 0.00000 
1.00000 3.27200 1.78595 1.96770 2.31243 9.64273 0.0 17059.3 0.00000 0.00000 
1.00000 3.28000 1.79370 1.96756 2.31221 9.63815 0.0 17070.9 0.00000 0.00000 
1.00000 3.28800 1.80146 1.96745 2.31203 9.63362 0.0 17082.4 0.00000 0.00000 
1.00000 3.29600 1.80922 1.96731 2.31180 9.62906 0.0 17094.0 0.00000 0.00000 
1.00000 3.30400 1.81700 1.96719 2.31161 9.62456 0.0 17105.4 0.00000 0.00000 
1.00000 3.31200 1.82478 1.96707 2.31141 9.62008 0.0 17116.8 0.00000 0.00000 
1.00000 3.32000 1.83257 1.96692 2.31116 9.61557 0.0 17128.2 0.00000 0.00000 
1.00000 3.32800 1.84038 1.96679 2.31096 9.61111 0.0 17139.6 0.00000 0.00000 
1.00000 3.33600 1.84819 1.96666 2.31074 9.60667 0.0 17150.8 0.00000 0.00000 
1.00000 3.34400 1.85600 1.96650 2.31049 9.60220 0.0 17162.1 0.00000 0.00000 
1.00000 3.35200 1.86383 1.96636 2.31027 9.59779 0.0 17173.4 0.00000 0.00000 
1.00000 3.36000 1.87167 1.96622 2.31004 9.59339 0.0 17184.5 0.00000 0.00000 
1.00000 3.36800 1.87951 1.96606 2.30977 9.58897 0.0 17195.7 0.00000 0.00000 
1.00000 3.37600 1.88737 1.96591 2.30954 9.58460 0.0 17206.8 0.00000 0.00000 
1.00000 3.38400 1.89523 1.96577 2.30930 9.58024 0.0 17217.9 0.00000 0.00000 
1.00000 3.39200 1.90310 1.96559 2.30902 9.57586 0.0 17229.0 0.00000 0.00000 
1.00000 3.40000 1.91098 1.96544 2.30878 9.57153 0.0 17240.0 0.00000 0.00000 
1.00000 3.40800 1.91886 1.96526 2.30849 9.56717 0.0 17251.0 0.00000 0.00000 
1.00000 3.41600 1.92676 1.96510 2.30823 9.56287 0.0 17261.9 0.00000 0.00000 
1.00000 3.42400 1.93466 1.96495 2.30798 9.55859 0.0 17272.8 0.00000 0.00000 
1.00000 3.43200 1.94258 1.96475 2.30767 9.55427 0.0 17283.7 0.00000 0.00000 
1.00000 3.44000 1.95050 1.96459 2.30741 9.55001 0.0 17294.5 0.00000 0.00000 
1.00000 3.44800 1.95842 1.96443 2.30714 9.54577 0.0 17305.3 0.00000 0.00000 
1.00000 3.45600 1.96636 1.96423 2.30683 9.54149 0.0 17316.1 0.00000 0.00000 
1.00000 3.46400 1.97431 1.96406 2.30656 9.53727 0.0 17326.8 0.00000 0.00000 
1.00000 3.47200 1.98226 1.96389 2.30628 9.53307 0.0 17337.5 0.00000 0.00000 
1.00000 3.48000 1.99022 1.96369 2.30595 9.52883 0.0 17348.2 0.00000 0.00000 
1.00000 3.48800 1.99819 1.96351 2.30567 9.52466 0.0 17358.8 0.00000 0.00000 
1.00000 3.49600 2.00617 1.96330 2.30533 9.52044 0.0 17369.4 0.00000 0.00000 
1.00000 3.50400 2.01415 1.96313 2.30504 9.51629 0.0 17380.0 0.00000 0.00000 
1.00000 3.51200 2.02215 1.96295 2.30475 9.51215 0.0 17390.5 0.00000 0.00000 
1.00000 3.52000 2.03015 1.96273 2.30440 9.50797 0.0 17401.0 0.00000 0.00000 
1.00000 3.52800 2.03816 1.96254 2.30410 9.50386 0.0 17411.5 0.00000 0.00000 
1.00000 3.53600 2.04617 1.96236 2.30380 9.49976 0.0 17421.9 0.00000 0.00000 
1.00000 3.54400 2.05420 1.96199 2.30323 9.49546 0.0 17432.4 0.00000 0.00000 
1.00000 3.55200 2.06223 1.96195 2.30313 9.49155 0.0 17442.7 0.00000 0.00000 
1.00000 3.56000 2.07027 1.96157 2.30256 9.48728 0.0 17453.1 0.00000 0.00000 
1.00000 3.56800 2.07832 1.96136 2.30222 9.48321 0.0 17463.4 0.00000 0.00000 
1.00000 3.57600 2.08638 1.96133 2.30214 9.47935 0.0 17473.6 0.00000 0.00000 
1.00000 3.58400 2.09444 1.96094 2.30153 9.47510 0.0 17484.0 0.00000 0.00000 
1.00000 3.59200 2.10251 1.96072 2.30119 9.47107 0.0 17494.2 0.00000 0.00000 
1.00000 3.60000 2.11059 1.96070 2.30111 9.46727 0.0 17504.2 0.00000 0.00000 
1.00000 3.60800 2.11868 1.96029 2.30048 9.46304 0.0 17514.5 0.00000 0.00000 
1.00000 3.61600 2.12677 1.96007 2.30013 9.45905 0.0 17524.6 0.00000 0.00000 
1.00000 3.62400 2.13487 1.95984 2.29976 9.45506 0.0 17534.7 0.00000 0.00000 
1.00000 3.63200 2.14298 1.95962 2.29940 9.45109 0.0 17544.7 0.00000 0.00000 
1.00000 3.64000 2.15110 1.95940 2.29904 9.44711 0.0 17554.8 0.00000 0.00000 
1.00000 3.64800 2.15923 1.95916 2.29867 9.44318 0.0 17564.7 0.00000 0.00000 
1.00000 3.65600 2.16736 1.95894 2.29830 9.43923 0.0 17574.7 0.00000 0.00000 
1.00000 3.66400 2.17550 1.95871 2.29792 9.43530 0.0 17584.6 0.00000 0.00000 
1.00000 3.67200 2.18365 1.95848 2.29755 9.43139 0.0 17594.5 0.00000 0.00000 
1.00000 3.68000 2.19180 1.95824 2.29717 9.42749 0.0 17604.4 0.00000 0.00000 
1.00000 3.68800 2.19996 1.95801 2.29679 9.42360 0.0 17614.2 0.00000 0.00000 
1.00000 3.69600 2.20813 1.95777 2.29641 9.41973 0.0 17624.0 0.00000 0.00000 
1.00000 3.70400 2.21631 1.95753 2.29602 9.41586 0.0 17633.8 0.00000 0.00000 
1.00000 3.71200 2.22449 1.95729 2.29563 9.41201 0.0 17643.5 0.00000 0.00000 
1.00000 3.72000 2.23268 1.95705 2.29524 9.40817 0.0 17653.3 0.00000 0.00000 
1.00000 3.72800 2.24088 1.95681 2.29485 9.40434 0.0 17662.9 0.00000 0.00000 
1.00000 3.73600 2.24909 1.95656 2.29445 9.40052 0.0 17672.6 0.00000 0.00000 
1.00000 3.74400 2.25730 1.95632 2.29405 9.39672 0.0 17682.2 0.00000 0.00000 
1.00000 3.75200 2.26552 1.95607 2.29365 9.39292 0.0 17691.8 0.00000 0.00000 
1.00000 3.76000 2.27375 1.95582 2.29325 9.38914 0.0 17701.4 0.00000 0.00000 
1.00000 3.76800 2.28198 1.95557 2.29284 9.38537 0.0 17710.9 0.00000 0.00000 
1.00000 3.77600 2.29022 1.95532 2.29244 9.38161 0.0 17720.4 0.00000 0.00000 
1.00000 3.78400 2.29847 1.95507 2.29203 9.37786 0.0 17729.9 0.00000 0.00000 
1.00000 3.79200 2.30673 1.95481 2.29161 9.37412 0.0 17739.3 0.00000 0.00000 
1.00000 3.80000 2.31499 1.95456 2.29120 9.37040 0.0 17748.8 0.00000 0.00000 
1.00000 3.80800 2.32326 1.95430 2.29078 9.36668 0.0 17758.1 0.00000 0.00000 
1.00000 3.81600 2.33154 1.95404 2.29037 9.36298 0.0 17767.5 0.00000 0.00000 
1.00000 3.82400 2.33982 1.95379 2.28995 9.35928 0.0 17776.8 0.00000 0.00000 
1.00000 3.83200 2.34811 1.95352 2.28952 9.35560 0.0 17786.1 0.00000 0.00000 
1.00000 3.84000 2.35641 1.95326 2.28910 9.35193 0.0 17795.4 0.00000 0.00000 
1.00000 3.84800 2.36471 1.95300 2.28867 9.34827 0.0 17804.7 0.00000 0.00000 
1.00000 3.85600 2.37302 1.95274 2.28825 9.34462 0.0 17813.9 0.00000 0.00000 
1.00000 3.86400 2.38134 1.95247 2.28782 9.34099 0.0 17823.1 0.00000 0.00000 
1.00000 3.87200 2.38966 1.95221 2.28739 9.33736 0.0 17832.3 0.00000 0.00000 
1.00000 3.88000 2.39800 1.95194 2.28695 9.33374 0.0 17841.4 0.00000 0.00000 
1.00000 3.88800 2.40633 1.95167 2.28652 9.33014 0.0 17850.5 0.00000 0.00000 
1.00000 3.89600 2.41468 1.95140 2.28608 9.32654 0.0 17859.6 0.00000 0.00000 
1.00000 3.90400 2.42303 1.95113 2.28564 9.32296 0.0 17868.7 0.00000 0.00000 
1.00000 3.91200 2.43139 1.95086 2.28520 9.31939 0.0 17877.7 0.00000 0.00000 
1.00000 3.92000 2.43975 1.95059 2.28476 9.31583 0.0 17886.7 0.00000 0.00000 
1.00000 3.92800 2.44812 1.95032 2.28432 9.31228 0.0 17895.7 0.00000 0.00000 
1.00000 3.93600 2.45650 1.95004 2.28387 9.30873 0.0 17904.6 0.00000 0.00000 
1.00000 3.94400 2.46489 1.94977 2.28343 9.30520 0.0 17913.5 0.00000 0.00000 
1.00000 3.95200 2.47328 1.94949 2.28297 9.30168 0.0 17922.4 0.00000 0.00000 
1.00000 3.96000 2.48168 1.94922 2.28253 9.29817 0.0 17931.3 0.00000 0.00000 
1.00000 3.96800 2.49008 1.94894 2.28208 9.29468 0.0 17940.1 0.00000 0.00000 
1.00000 3.97600 2.49849 1.94866 2.28162 9.29118 0.0 17949.0 0.00000 0.00000 
1.00000 3.98400 2.50691 1.94838 2.28117 9.28771 0.0 17957.8 0.00000 0.00000 
1.00000 3.99200 2.51533 1.94810 2.28071 9.28424 0.0 17966.5 0.00000 0.00000 