ratio e_15 p_15 M M_0 r_star spin Omega_K I J/M^2 
0.66167 0.50000 0.02299 0.61544 0.63446 16.70742 3802.7 4224.4 0.53835 0.61500 
0.66005 0.50800 0.02402 0.63399 0.65437 16.65291 3878.5 4310.1 0.56256 0.61766 
0.65837 0.51600 0.02507 0.65249 0.67425 16.60693 3952.8 4391.7 0.58675 0.61985 
0.65685 0.52400 0.02616 0.67110 0.69430 16.56115 4025.7 4473.4 0.61141 0.62186 
0.65528 0.53200 0.02727 0.67736 0.70063 16.31260 4173.7 4615.0 0.61779 0.63945 
0.65370 0.54000 0.02842 0.70852 0.73476 16.48302 4168.5 4631.1 0.66197 0.62547 
0.65231 0.54800 0.02959 0.72720 0.75502 16.44626 4237.9 4708.2 0.68749 0.62688 
0.65087 0.55600 0.03079 0.74611 0.77558 16.41141 4306.6 4785.2 0.71396 0.62848 
0.64931 0.56400 0.03201 0.76520 0.79639 16.38072 4374.7 4860.7 0.74121 0.63013 
0.64792 0.57200 0.03327 0.78416 0.81710 16.34984 4441.5 4935.3 0.76837 0.63149 
0.64663 0.58000 0.03455 0.80303 0.83775 16.32022 4506.9 5008.5 0.79547 0.63260 
0.64529 0.58800 0.03587 0.82191 0.85847 16.29355 4571.6 5080.0 0.82289 0.63366 
0.64396 0.59600 0.03721 0.84083 0.87928 16.26827 4635.5 5150.7 0.85077 0.63472 
0.64275 0.60400 0.03858 0.85971 0.90009 16.24240 4698.3 5221.2 0.87882 0.63567 
0.64160 0.61200 0.03999 0.87847 0.92082 16.21759 4760.1 5290.3 0.90680 0.63644 
0.64040 0.62000 0.04142 0.89716 0.94151 16.19590 4821.1 5357.1 0.93479 0.63711 
0.63919 0.62800 0.04288 0.91579 0.96219 16.17577 4881.4 5422.6 0.96297 0.63776 
0.63807 0.63600 0.04437 0.93447 0.98297 16.15432 4940.9 5488.8 0.99166 0.63845 
0.63703 0.64400 0.04589 0.95315 1.00380 16.13164 4999.6 5555.4 1.02074 0.63917 
0.63602 0.65200 0.04744 0.97173 1.02458 16.10987 5057.5 5620.9 1.04985 0.63982 
0.63497 0.66000 0.04902 0.99017 1.04524 16.09061 5114.8 5684.2 1.07881 0.64038 
0.63392 0.66800 0.05063 1.00848 1.06580 16.07286 5171.3 5745.8 1.10764 0.64084 
0.63294 0.67600 0.05227 1.02665 1.08624 16.05452 5227.0 5807.0 1.13637 0.64123 
0.63203 0.68400 0.05393 1.04471 1.10661 16.03557 5281.8 5867.9 1.16512 0.64158 
0.63118 0.69200 0.05563 1.06268 1.12693 16.01635 5336.0 5928.5 1.19395 0.64192 
0.63034 0.70000 0.05736 1.08055 1.14719 15.99732 5389.5 5988.5 1.22285 0.64227 
0.62950 0.70800 0.05912 1.09829 1.16734 15.97896 5442.4 6047.5 1.25165 0.64258 
0.62869 0.71600 0.06091 1.11588 1.18736 15.96120 5494.7 6105.3 1.28027 0.64283 
0.62791 0.72400 0.06273 1.13329 1.20723 15.94328 5546.3 6162.5 1.30866 0.64304 
0.62718 0.73200 0.06458 1.15053 1.22694 15.92526 5597.3 6219.0 1.33681 0.64318 
0.62649 0.74000 0.06645 1.16761 1.24652 15.90703 5647.6 6274.9 1.36478 0.64330 
0.62583 0.74800 0.06836 1.18455 1.26596 15.88878 5697.3 6330.3 1.39261 0.64340 
0.62517 0.75600 0.07030 1.20140 1.28537 15.87090 5746.5 6385.1 1.42054 0.64354 
0.62448 0.76400 0.07227 1.21812 1.30466 15.85314 5795.5 6439.4 1.44853 0.64377 
0.62380 0.77200 0.07427 1.23475 1.32390 15.83608 5843.9 6493.0 1.47653 0.64398 
0.62316 0.78000 0.07630 1.25121 1.34298 15.81858 5891.7 6546.1 1.50429 0.64417 
0.62257 0.78800 0.07836 1.26746 1.36186 15.80072 5938.9 6598.7 1.53166 0.64430 
0.62202 0.79600 0.08045 1.28353 1.38057 15.78265 5985.6 6650.7 1.55871 0.64439 
0.62150 0.80400 0.08257 1.29940 1.39909 15.76446 6031.7 6702.1 1.58541 0.64445 
0.62100 0.81200 0.08471 1.31509 1.41744 15.74620 6077.4 6752.9 1.61182 0.64448 
0.62053 0.82000 0.08689 1.33060 1.43561 15.72779 6122.5 6803.2 1.63795 0.64450 
0.62007 0.82800 0.08910 1.34593 1.45361 15.70946 6167.3 6852.9 1.66378 0.64452 
0.61961 0.83600 0.09134 1.36108 1.47145 15.69134 6211.6 6901.9 1.68934 0.64452 
0.61917 0.84400 0.09361 1.37609 1.48915 15.67338 6255.5 6950.3 1.71471 0.64453 
0.61874 0.85200 0.09591 1.39091 1.50667 15.65515 6299.0 6998.4 1.73981 0.64455 
0.61834 0.86000 0.09824 1.40557 1.52403 15.63661 6342.0 7046.3 1.76466 0.64456 
0.61797 0.86800 0.10060 1.42006 1.54124 15.61773 6384.5 7093.9 1.78927 0.64458 
0.61762 0.87600 0.10298 1.43437 1.55825 15.59873 6426.6 7141.0 1.81354 0.64458 
0.61729 0.88400 0.10540 1.44848 1.57508 15.57966 6468.4 7187.7 1.83746 0.64457 
0.61698 0.89200 0.10785 1.46243 1.59174 15.56064 6509.7 7233.8 1.86105 0.64455 
0.61668 0.90000 0.11033 1.47618 1.60820 15.54144 6550.6 7279.5 1.88428 0.64452 
0.61640 0.90800 0.11283 1.48974 1.62447 15.52215 6591.2 7324.7 1.90713 0.64448 
0.61613 0.91600 0.11537 1.50312 1.64055 15.50283 6631.4 7369.6 1.92967 0.64444 
0.61587 0.92400 0.11794 1.51633 1.65646 15.48356 6671.2 7413.9 1.95188 0.64440 
0.61561 0.93200 0.12053 1.52936 1.67218 15.46446 6710.8 7457.6 1.97374 0.64436 
0.61535 0.94000 0.12316 1.54222 1.68773 15.44549 6750.0 7500.8 1.99527 0.64432 
0.61510 0.94800 0.12581 1.55491 1.70310 15.42657 6788.9 7543.6 2.01650 0.64428 
0.61486 0.95600 0.12849 1.56743 1.71829 15.40765 6827.5 7585.9 2.03738 0.64424 
0.61463 0.96400 0.13121 1.57977 1.73330 15.38860 6865.7 7627.9 2.05793 0.64420 
0.61442 0.97200 0.13395 1.59196 1.74816 15.36943 6903.6 7669.6 2.07822 0.64415 
0.61422 0.98000 0.13672 1.60400 1.76286 15.34998 6941.2 7711.3 2.09828 0.64413 
0.61404 0.98800 0.13952 1.61587 1.77739 15.33038 6978.4 7752.7 2.11806 0.64412 
0.61388 0.99600 0.14235 1.62759 1.79176 15.31065 7015.3 7793.9 2.13757 0.64411 
0.61372 1.00400 0.14520 1.63915 1.80596 15.29081 7051.8 7834.9 2.15677 0.64410 
0.61358 1.01200 0.14809 1.65055 1.81999 15.27089 7088.1 7875.6 2.17568 0.64410 
0.61345 1.02000 0.15100 1.66178 1.83383 15.25095 7124.1 7915.9 2.19419 0.64409 
0.61332 1.02800 0.15395 1.67283 1.84748 15.23100 7159.8 7955.8 2.21234 0.64407 
0.61321 1.03600 0.15692 1.68371 1.86095 15.21104 7195.1 7995.3 2.23011 0.64405 
0.61311 1.04400 0.15992 1.69442 1.87423 15.19105 7230.2 8034.5 2.24752 0.64402 
0.61301 1.05200 0.16295 1.70498 1.88735 15.17108 7265.1 8073.4 2.26461 0.64400 
0.61291 1.06000 0.16601 1.71538 1.90029 15.15112 7299.7 8111.9 2.28137 0.64397 
0.61283 1.06800 0.16909 1.72563 1.91306 15.13116 7334.0 8150.1 2.29780 0.64395 
0.61275 1.07600 0.17220 1.73572 1.92567 15.11118 7368.1 8187.9 2.31391 0.64392 
0.61268 1.08400 0.17535 1.74567 1.93812 15.09132 7401.8 8225.4 2.32973 0.64389 
0.61261 1.09200 0.17852 1.75547 1.95040 15.07139 7435.4 8262.7 2.34524 0.64386 
0.61255 1.10000 0.18171 1.76511 1.96250 15.05147 7468.7 8299.7 2.36040 0.64384 
0.61249 1.10800 0.18494 1.77460 1.97444 15.03155 7501.8 8336.3 2.37524 0.64381 
0.61244 1.11600 0.18819 1.78394 1.98621 15.01167 7534.6 8372.7 2.38976 0.64379 
0.61239 1.12400 0.19147 1.79313 1.99781 14.99181 7567.1 8408.7 2.40397 0.64376 
0.61235 1.13200 0.19478 1.80218 2.00925 14.97197 7599.5 8444.5 2.41788 0.64374 
0.61232 1.14000 0.19812 1.81110 2.02053 14.95211 7631.6 8480.0 2.43149 0.64371 
0.61230 1.14800 0.20148 1.81987 2.03165 14.93226 7663.4 8515.2 2.44479 0.64368 
0.61228 1.15600 0.20487 1.82851 2.04263 14.91239 7695.1 8550.3 2.45782 0.64366 
0.61226 1.16400 0.20829 1.83701 2.05345 14.89253 7726.5 8585.0 2.47056 0.64364 
0.61226 1.17200 0.21173 1.84538 2.06412 14.87265 7757.6 8619.6 2.48304 0.64362 
0.61226 1.18000 0.21520 1.85362 2.07465 14.85276 7788.6 8654.0 2.49525 0.64360 
0.61226 1.18800 0.21870 1.86174 2.08503 14.83288 7819.3 8688.2 2.50720 0.64358 
0.61227 1.19600 0.22223 1.86973 2.09527 14.81299 7849.8 8722.2 2.51889 0.64357 
0.61229 1.20400 0.22578 1.87760 2.10536 14.79314 7880.1 8755.9 2.53032 0.64356 
0.61231 1.21200 0.22936 1.88533 2.11531 14.77332 7910.1 8789.5 2.54149 0.64355 
0.61233 1.22000 0.23296 1.89295 2.12511 14.75355 7940.0 8822.7 2.55239 0.64354 
0.61236 1.22800 0.23659 1.90044 2.13476 14.73378 7969.6 8855.8 2.56304 0.64353 
0.61239 1.23600 0.24025 1.90781 2.14428 14.71406 7999.0 8888.6 2.57343 0.64352 
0.61242 1.24400 0.24393 1.91507 2.15366 14.69439 8028.3 8921.2 2.58356 0.64352 
0.61246 1.25200 0.24764 1.92221 2.16291 14.67475 8057.3 8953.6 2.59345 0.64351 
0.61250 1.26000 0.25138 1.92923 2.17202 14.65518 8086.2 8985.7 2.60307 0.64350 
0.61255 1.26800 0.25514 1.93614 2.18099 14.63565 8114.9 9017.6 2.61246 0.64350 
0.61259 1.27600 0.25893 1.94293 2.18983 14.61616 8143.4 9049.3 2.62159 0.64349 
0.61264 1.28400 0.26274 1.94961 2.19853 14.59673 8171.7 9080.8 2.63049 0.64348 
0.61270 1.29200 0.26658 1.95619 2.20711 14.57734 8199.8 9112.1 2.63916 0.64348 
0.61275 1.30000 0.27045 1.96265 2.21557 14.55801 8227.7 9143.1 2.64761 0.64348 
0.61281 1.30800 0.27434 1.96904 2.22391 14.53884 8255.4 9173.9 2.65585 0.64346 
0.61287 1.31600 0.27825 1.97529 2.23211 14.51962 8283.0 9204.5 2.66384 0.64346 
0.61293 1.32400 0.28220 1.98144 2.24017 14.50047 8310.3 9235.0 2.67161 0.64346 
0.61299 1.33200 0.28616 1.98748 2.24811 14.48138 8337.5 9265.2 2.67915 0.64345 
0.61306 1.34000 0.29015 1.99342 2.25593 14.46233 8364.6 9295.2 2.68648 0.64345 
0.61313 1.34800 0.29417 1.99927 2.26364 14.44336 8391.4 9325.0 2.69362 0.64345 
0.61320 1.35600 0.29821 2.00503 2.27123 14.42444 8418.1 9354.6 2.70056 0.64345 
0.61327 1.36400 0.30227 2.01068 2.27870 14.40560 8444.6 9384.1 2.70730 0.64345 
0.61335 1.37200 0.30636 2.01625 2.28607 14.38682 8471.0 9413.3 2.71386 0.64346 
0.61342 1.38000 0.31048 2.02173 2.29332 14.36814 8497.2 9442.4 2.72022 0.64346 
0.61350 1.38800 0.31462 2.02711 2.30047 14.34953 8523.3 9471.2 2.72639 0.64347 
0.61357 1.39600 0.31878 2.03241 2.30750 14.33101 8549.2 9499.8 2.73237 0.64347 
0.61365 1.40400 0.32297 2.03762 2.31443 14.31254 8574.9 9528.3 2.73818 0.64348 
0.61373 1.41200 0.32718 2.04274 2.32125 14.29414 8600.5 9556.6 2.74381 0.64349 
0.61381 1.42000 0.33142 2.04778 2.32797 14.27581 8626.0 9584.7 2.74927 0.64350 
0.61389 1.42800 0.33568 2.05273 2.33458 14.25755 8651.3 9612.6 2.75455 0.64351 
0.61397 1.43600 0.33996 2.05760 2.34109 14.23936 8676.4 9640.4 2.75965 0.64352 
0.61406 1.44400 0.34427 2.06238 2.34749 14.22122 8701.4 9668.0 2.76459 0.64353 
0.61414 1.45200 0.34860 2.06708 2.35379 14.20316 8726.2 9695.4 2.76935 0.64354 
0.61423 1.46000 0.35296 2.07170 2.35999 14.18516 8750.8 9722.6 2.77395 0.64355 
0.61431 1.46800 0.35734 2.07624 2.36608 14.16723 8775.4 9749.7 2.77838 0.64356 
0.61440 1.47600 0.36174 2.08070 2.37208 14.14936 8799.7 9776.6 2.78266 0.64357 
0.61449 1.48400 0.36617 2.08509 2.37799 14.13155 8823.9 9803.4 2.78680 0.64358 
0.61458 1.49200 0.37061 2.08941 2.38381 14.11380 8848.0 9830.0 2.79078 0.64360 
0.61468 1.50000 0.37509 2.09365 2.38953 14.09612 8871.9 9856.5 2.79462 0.64361 
0.61477 1.50800 0.37958 2.09781 2.39516 14.07851 8895.7 9882.8 2.79831 0.64362 
0.61487 1.51600 0.38410 2.10191 2.40070 14.06098 8919.4 9909.0 2.80186 0.64364 
0.61496 1.52400 0.38864 2.10594 2.40616 14.04351 8942.9 9935.0 2.80529 0.64365 
0.61506 1.53200 0.39320 2.10990 2.41153 14.02612 8966.2 9960.9 2.80859 0.64367 
0.61516 1.54000 0.39779 2.11379 2.41682 14.00879 8989.5 9986.7 2.81176 0.64369 
0.61526 1.54800 0.40239 2.11762 2.42202 13.99152 9012.6 10012.3 2.81481 0.64371 
0.61536 1.55600 0.40702 2.12139 2.42715 13.97433 9035.6 10037.8 2.81774 0.64373 
0.61546 1.56400 0.41168 2.12509 2.43219 13.95723 9058.4 10063.1 2.82055 0.64375 
0.61556 1.57200 0.41635 2.12873 2.43715 13.94015 9081.1 10088.3 2.82325 0.64378 
0.61566 1.58000 0.42105 2.13230 2.44204 13.92315 9103.7 10113.4 2.82583 0.64380 
0.61577 1.58800 0.42577 2.13582 2.44684 13.90621 9126.1 10138.4 2.82828 0.64382 
0.61587 1.59600 0.43051 2.13927 2.45156 13.88933 9148.4 10163.2 2.83062 0.64385 
0.61597 1.60400 0.43527 2.14266 2.45621 13.87253 9170.6 10187.9 2.83284 0.64387 
0.61608 1.61200 0.44005 2.14600 2.46078 13.85581 9192.6 10212.5 2.83497 0.64390 
0.61619 1.62000 0.44486 2.14927 2.46528 13.83915 9214.5 10236.9 2.83698 0.64392 
0.61629 1.62800 0.44969 2.15249 2.46970 13.82257 9236.3 10261.2 2.83888 0.64395 
0.61640 1.63600 0.45454 2.15565 2.47405 13.80606 9258.0 10285.4 2.84067 0.64397 
0.61651 1.64400 0.45941 2.15875 2.47832 13.78962 9279.5 10309.4 2.84235 0.64400 
0.61661 1.65200 0.46430 2.16180 2.48252 13.77326 9301.0 10333.3 2.84393 0.64402 
0.61672 1.66000 0.46921 2.16480 2.48665 13.75696 9322.3 10357.1 2.84540 0.64405 
0.61683 1.66800 0.47414 2.16774 2.49071 13.74074 9343.5 10380.7 2.84677 0.64407 
0.61694 1.67600 0.47910 2.17062 2.49470 13.72460 9364.6 10404.1 2.84803 0.64410 
0.61705 1.68400 0.48408 2.17346 2.49862 13.70852 9385.5 10427.5 2.84919 0.64412 
0.61716 1.69200 0.48907 2.17624 2.50247 13.69252 9406.4 10450.7 2.85025 0.64414 
0.61727 1.70000 0.49409 2.17897 2.50626 13.67659 9427.1 10473.8 2.85122 0.64416 
0.61737 1.70800 0.49913 2.18165 2.50998 13.66072 9447.7 10496.7 2.85210 0.64418 
0.61748 1.71600 0.50419 2.18428 2.51364 13.64493 9468.3 10519.6 2.85290 0.64421 
0.61759 1.72400 0.50927 2.18687 2.51723 13.62921 9488.7 10542.3 2.85361 0.64423 
0.61770 1.73200 0.51436 2.18941 2.52077 13.61357 9509.0 10564.9 2.85422 0.64425 
0.61781 1.74000 0.51948 2.19190 2.52424 13.59799 9529.2 10587.4 2.85475 0.64427 
0.61792 1.74800 0.52462 2.19434 2.52765 13.58252 9549.3 10609.7 2.85521 0.64430 
0.61803 1.75600 0.52978 2.19674 2.53099 13.56709 9569.2 10631.9 2.85557 0.64432 
0.61814 1.76400 0.53496 2.19910 2.53428 13.55174 9589.1 10654.0 2.85585 0.64434 
0.61825 1.77200 0.54016 2.20141 2.53751 13.53646 9608.9 10675.9 2.85606 0.64436 
0.61836 1.78000 0.54538 2.20367 2.54068 13.52125 9628.5 10697.8 2.85619 0.64438 
0.61847 1.78800 0.55062 2.20590 2.54380 13.50612 9648.1 10719.5 2.85625 0.64440 
0.61858 1.79600 0.55588 2.20808 2.54686 13.49105 9667.5 10741.2 2.85624 0.64442 
0.61869 1.80400 0.56116 2.21022 2.54986 13.47606 9686.9 10762.7 2.85616 0.64444 
0.61880 1.81200 0.56645 2.21232 2.55281 13.46113 9706.1 10784.1 2.85601 0.64446 
0.61891 1.82000 0.57177 2.21439 2.55571 13.44627 9725.3 10805.4 2.85579 0.64448 
0.61902 1.82800 0.57711 2.21641 2.55856 13.43148 9744.3 10826.6 2.85550 0.64450 
0.61913 1.83600 0.58246 2.21839 2.56135 13.41676 9763.2 10847.6 2.85516 0.64452 
0.61924 1.84400 0.58783 2.22032 2.56406 13.40203 9782.1 10868.7 2.85471 0.64455 
0.61935 1.85200 0.59323 2.22222 2.56675 13.38745 9800.9 10889.6 2.85423 0.64456 
0.61946 1.86000 0.59864 2.22409 2.56938 13.37294 9819.5 10910.3 2.85369 0.64458 
0.61957 1.86800 0.60407 2.22593 2.57197 13.35850 9838.1 10930.9 2.85309 0.64460 
0.61968 1.87600 0.60952 2.22773 2.57452 13.34412 9856.5 10951.5 2.85243 0.64462 
0.61979 1.88400 0.61499 2.22949 2.57701 13.32981 9874.9 10971.9 2.85172 0.64464 
0.61990 1.89200 0.62048 2.23123 2.57947 13.31557 9893.2 10992.2 2.85096 0.64465 
0.62001 1.90000 0.62598 2.23292 2.58187 13.30139 9911.4 11012.5 2.85014 0.64467 
0.62012 1.90800 0.63151 2.23459 2.58424 13.28728 9929.5 11032.6 2.84927 0.64469 
0.62023 1.91600 0.63705 2.23622 2.58655 13.27323 9947.5 11052.6 2.84835 0.64471 
0.62034 1.92400 0.64261 2.23782 2.58883 13.25925 9965.4 11072.6 2.84738 0.64473 
0.62045 1.93200 0.64819 2.23939 2.59106 13.24534 9983.2 11092.4 2.84636 0.64474 
0.62056 1.94000 0.65379 2.24093 2.59325 13.23149 10001.0 11112.1 2.84529 0.64476 
0.62067 1.94800 0.65940 2.24244 2.59539 13.21771 10018.6 11131.8 2.84416 0.64478 
0.62078 1.95600 0.66504 2.24391 2.59749 13.20402 10036.2 11151.3 2.84300 0.64480 
0.62088 1.96400 0.67069 2.24536 2.59956 13.19037 10053.7 11170.7 2.84179 0.64481 
0.62099 1.97200 0.67636 2.24677 2.60158 13.17679 10071.1 11190.1 2.84053 0.64483 
0.62110 1.98000 0.68204 2.24816 2.60355 13.16327 10088.4 11209.3 2.83922 0.64484 
0.62121 1.98800 0.68775 2.24951 2.60549 13.14981 10105.6 11228.4 2.83787 0.64486 
0.62132 1.99600 0.69347 2.25081 2.60735 13.13634 10122.8 11247.6 2.83644 0.64488 
0.62142 2.00400 0.69921 2.25211 2.60921 13.12302 10139.8 11266.5 2.83501 0.64490 
0.62153 2.01200 0.70497 2.25339 2.61103 13.10976 10156.8 11285.4 2.83354 0.64491 
0.62164 2.02000 0.71074 2.25463 2.61282 13.09656 10173.6 11304.2 2.83203 0.64493 
0.62175 2.02800 0.71653 2.25585 2.61457 13.08343 10190.4 11322.9 2.83049 0.64494 
0.62185 2.03600 0.72234 2.25704 2.61628 13.07036 10207.1 11341.5 2.82890 0.64495 
0.62196 2.04400 0.72817 2.25821 2.61795 13.05735 10223.8 11360.0 2.82729 0.64497 
0.62206 2.05200 0.73401 2.25935 2.61959 13.04441 10240.3 11378.4 2.82563 0.64498 
0.62217 2.06000 0.73987 2.26047 2.62120 13.03153 10256.8 11396.7 2.82394 0.64499 
0.62227 2.06800 0.74574 2.26156 2.62277 13.01872 10273.1 11414.9 2.82221 0.64501 
0.62238 2.07600 0.75164 2.26260 2.62426 13.00588 10289.5 11433.1 2.82040 0.64503 
0.62248 2.08400 0.75755 2.26364 2.62576 12.99319 10305.7 11451.2 2.81861 0.64504 
0.62259 2.09200 0.76347 2.26466 2.62723 12.98056 10321.9 11469.1 2.81678 0.64505 
0.62269 2.10000 0.76941 2.26566 2.62867 12.96799 10337.9 11487.0 2.81492 0.64506 
0.62280 2.10800 0.77537 2.26663 2.63007 12.95548 10353.9 11504.8 2.81303 0.64507 
0.62290 2.11600 0.78135 2.26758 2.63145 12.94303 10369.8 11522.5 2.81112 0.64508 
0.62300 2.12400 0.78734 2.26851 2.63279 12.93064 10385.7 11540.1 2.80917 0.64509 
0.62311 2.13200 0.79335 2.26942 2.63410 12.91831 10401.5 11557.6 2.80720 0.64510 
0.62321 2.14000 0.79937 2.27028 2.63535 12.90595 10417.2 11575.1 2.80516 0.64512 
0.62331 2.14800 0.80541 2.27115 2.63660 12.89375 10432.8 11592.5 2.80314 0.64512 
0.62341 2.15600 0.81147 2.27199 2.63783 12.88160 10448.4 11609.8 2.80109 0.64513 
0.62351 2.16400 0.81754 2.27282 2.63903 12.86951 10463.9 11627.0 2.79901 0.64514 
0.62361 2.17200 0.82363 2.27363 2.64020 12.85750 10479.3 11644.0 2.79692 0.64515 
0.62371 2.18000 0.82973 2.27439 2.64131 12.84545 10494.7 11661.2 2.79477 0.64517 
0.62381 2.18800 0.83585 2.27516 2.64243 12.83354 10510.0 11678.1 2.79263 0.64518 
0.62391 2.19600 0.84199 2.27591 2.64352 12.82168 10525.2 11695.0 2.79047 0.64518 
0.62401 2.20400 0.84814 2.27662 2.64455 12.80980 10540.4 11711.9 2.78825 0.64520 
0.62411 2.21200 0.85431 2.27733 2.64559 12.79807 10555.4 11728.6 2.78605 0.64521 
0.62421 2.22000 0.86049 2.27803 2.64661 12.78639 10570.4 11745.2 2.78382 0.64521 
0.62431 2.22800 0.86669 2.27868 2.64756 12.77469 10585.4 11761.8 2.78155 0.64523 
0.62441 2.23600 0.87290 2.27935 2.64853 12.76313 10600.2 11778.3 2.77929 0.64523 
0.62450 2.24400 0.87913 2.27997 2.64944 12.75154 10615.0 11794.8 2.77697 0.64524 
0.62460 2.25200 0.88537 2.28058 2.65033 12.74003 10629.8 11811.2 2.77465 0.64525 
0.62470 2.26000 0.89163 2.28117 2.65120 12.72858 10644.4 11827.5 2.77230 0.64526 
0.62480 2.26800 0.89791 2.28177 2.65207 12.71724 10659.0 11843.6 2.76998 0.64526 
0.62489 2.27600 0.90420 2.28233 2.65289 12.70591 10673.5 11859.7 2.76759 0.64527 
0.62499 2.28400 0.91050 2.28298 2.65383 12.69491 10687.8 11875.5 2.76536 0.64524 
0.62508 2.29200 0.91682 2.28361 2.65475 12.68396 10702.1 11891.2 2.76309 0.64522 
0.62518 2.30000 0.92315 2.28412 2.65549 12.67278 10716.4 11907.1 2.76065 0.64522 
0.62527 2.30800 0.92950 2.28463 2.65625 12.66169 10730.6 11922.9 2.75824 0.64523 
0.62537 2.31600 0.93587 2.28508 2.65691 12.65053 10744.9 11938.8 2.75574 0.64524 
0.62546 2.32400 0.94225 2.28557 2.65763 12.63957 10759.0 11954.4 2.75330 0.64524 
0.62556 2.33200 0.94864 2.28602 2.65828 12.62857 10773.0 11970.1 2.75080 0.64525 
0.62565 2.34000 0.95505 2.28647 2.65895 12.61769 10787.0 11985.6 2.74833 0.64525 
0.62574 2.34800 0.96147 2.28688 2.65955 12.60678 10801.0 12001.2 2.74579 0.64526 
0.62584 2.35600 0.96790 2.28730 2.66017 12.59600 10814.9 12016.6 2.74328 0.64526 
0.62593 2.36400 0.97435 2.28768 2.66073 12.58518 10828.7 12032.0 2.74072 0.64527 
0.62602 2.37200 0.98082 2.28807 2.66130 12.57449 10842.5 12047.3 2.73819 0.64527 
0.62611 2.38000 0.98730 2.28845 2.66186 12.56385 10856.2 12062.5 2.73564 0.64527 
0.62620 2.38800 0.99379 2.28881 2.66240 12.55326 10869.8 12077.6 2.73308 0.64527 
0.62630 2.39600 1.00030 2.28913 2.66287 12.54263 10883.4 12092.8 2.73046 0.64528 
0.62639 2.40400 1.00682 2.28947 2.66336 12.53213 10896.9 12107.8 2.72787 0.64528 
0.62648 2.41200 1.01335 2.28979 2.66384 12.52168 10910.4 12122.7 2.72527 0.64528 
0.62657 2.42000 1.01990 2.29007 2.66426 12.51120 10923.8 12137.7 2.72263 0.64529 
0.62665 2.42800 1.02647 2.29037 2.66470 12.50087 10937.2 12152.4 2.72001 0.64529 
0.62674 2.43600 1.03304 2.29065 2.66512 12.49056 10950.5 12167.2 2.71738 0.64529 
0.62683 2.44400 1.03963 2.29092 2.66552 12.48030 10963.7 12181.9 2.71474 0.64529 
0.62692 2.45200 1.04623 2.29118 2.66590 12.47009 10976.9 12196.5 2.71210 0.64528 
0.62701 2.46000 1.05285 2.29143 2.66627 12.45992 10990.0 12211.0 2.70944 0.64528 
0.62710 2.46800 1.05948 2.29166 2.66661 12.44980 11003.0 12225.5 2.70678 0.64528 
0.62719 2.47600 1.06613 2.29186 2.66690 12.43963 11016.0 12240.0 2.70406 0.64529 
0.62727 2.48400 1.07278 2.29207 2.66721 12.42960 11029.0 12254.4 2.70138 0.64529 
0.62736 2.49200 1.07945 2.29227 2.66751 12.41961 11041.9 12268.7 2.69869 0.64529 
0.62745 2.50000 1.08614 2.29246 2.66779 12.40966 11054.7 12283.0 2.69600 0.64528 
0.62753 2.50800 1.09283 2.29264 2.66806 12.39976 11067.4 12297.2 2.69329 0.64528 
0.62762 2.51600 1.09955 2.29280 2.66831 12.38990 11080.2 12311.3 2.69059 0.64528 
0.62770 2.52400 1.10627 2.29293 2.66850 12.38000 11092.9 12325.5 2.68784 0.64528 
0.62779 2.53200 1.11301 2.29308 2.66872 12.37023 11105.5 12339.5 2.68512 0.64528 
0.62787 2.54000 1.11976 2.29322 2.66892 12.36050 11118.0 12353.5 2.68239 0.64528 
0.62796 2.54800 1.12652 2.29334 2.66911 12.35081 11130.5 12367.4 2.67966 0.64528 
0.62804 2.55600 1.13329 2.29346 2.66929 12.34117 11143.0 12381.3 2.67693 0.64527 
0.62813 2.56400 1.14008 2.29357 2.66945 12.33157 11155.4 12395.0 2.67419 0.64527 
0.62821 2.57200 1.14688 2.29366 2.66960 12.32201 11167.7 12408.8 2.67145 0.64526 
0.62829 2.58000 1.15370 2.29375 2.66973 12.31250 11180.0 12422.5 2.66870 0.64526 
0.62838 2.58800 1.16052 2.29383 2.66985 12.30302 11192.2 12436.1 2.66594 0.64526 
0.62846 2.59600 1.16736 2.29387 2.66991 12.29351 11204.5 12449.7 2.66315 0.64526 
0.62854 2.60400 1.17422 2.29393 2.67001 12.28412 11216.6 12463.3 2.66039 0.64526 
0.62862 2.61200 1.18108 2.29399 2.67008 12.27477 11228.7 12476.7 2.65762 0.64525 
0.62870 2.62000 1.18796 2.29403 2.67015 12.26546 11240.7 12490.1 2.65485 0.64525 
0.62878 2.62800 1.19485 2.29406 2.67020 12.25620 11252.7 12503.4 2.65208 0.64524 
0.62886 2.63600 1.20175 2.29409 2.67024 12.24697 11264.7 12516.7 2.64930 0.64523 
0.62894 2.64400 1.20866 2.29411 2.67027 12.23779 11276.6 12530.0 2.64652 0.64523 
0.62902 2.65200 1.21559 2.29411 2.67029 12.22865 11288.4 12543.1 2.64374 0.64522 
0.62910 2.66000 1.22253 2.29412 2.67029 12.21954 11300.2 12556.3 2.64096 0.64522 
0.62918 2.66800 1.22948 2.29411 2.67028 12.21048 11312.0 12569.3 2.63817 0.64521 
0.62926 2.67600 1.23644 2.29409 2.67026 12.20146 11323.7 12582.3 2.63538 0.64520 
0.62934 2.68400 1.24342 2.29407 2.67023 12.19248 11335.3 12595.3 2.63259 0.64520 
0.62942 2.69200 1.25040 2.29400 2.67014 12.18344 11347.0 12608.3 2.62975 0.64520 
0.62950 2.70000 1.25740 2.29396 2.67008 12.17453 11358.5 12621.2 2.62695 0.64519 
0.62958 2.70800 1.26441 2.29392 2.67001 12.16567 11370.0 12634.0 2.62415 0.64518 
0.62965 2.71600 1.27144 2.29386 2.66993 12.15684 11381.5 12646.7 2.62135 0.64517 
0.62973 2.72400 1.27847 2.29380 2.66984 12.14805 11392.9 12659.4 2.61855 0.64517 
0.62981 2.73200 1.28552 2.29373 2.66974 12.13930 11404.3 12672.1 2.61575 0.64516 
0.62988 2.74000 1.29258 2.29366 2.66963 12.13061 11415.6 12684.7 2.61295 0.64515 
0.62996 2.74800 1.29965 2.29358 2.66951 12.12194 11426.9 12697.2 2.61015 0.64514 
0.63003 2.75600 1.30673 2.29349 2.66937 12.11330 11438.1 12709.7 2.60735 0.64513 
0.63011 2.76400 1.31382 2.29339 2.66923 12.10470 11449.3 12722.1 2.60454 0.64512 
0.63018 2.77200 1.32093 2.29326 2.66904 12.09606 11460.5 12734.6 2.60171 0.64512 
0.63026 2.78000 1.32804 2.29315 2.66888 12.08753 11471.6 12747.0 2.59891 0.64511 
0.63033 2.78800 1.33517 2.29303 2.66870 12.07904 11482.6 12759.3 2.59610 0.64510 
0.63041 2.79600 1.34231 2.29291 2.66852 12.07059 11493.6 12771.5 2.59330 0.64509 
0.63048 2.80400 1.34946 2.29278 2.66833 12.06217 11504.6 12783.7 2.59049 0.64508 
0.63055 2.81200 1.35662 2.29265 2.66813 12.05379 11515.5 12795.9 2.58769 0.64507 
0.63063 2.82000 1.36380 2.29251 2.66791 12.04544 11526.4 12808.0 2.58488 0.64506 
0.63070 2.82800 1.37098 2.29236 2.66769 12.03713 11537.2 12820.1 2.58208 0.64505 
0.63077 2.83600 1.37818 2.29220 2.66746 12.02885 11548.0 12832.1 2.57928 0.64504 
0.63084 2.84400 1.38538 2.29204 2.66722 12.02061 11558.7 12844.0 2.57647 0.64503 
0.63092 2.85200 1.39260 2.29188 2.66698 12.01241 11569.5 12855.9 2.57367 0.64501 
0.63099 2.86000 1.39983 2.29171 2.66672 12.00423 11580.1 12867.8 2.57087 0.64500 
0.63106 2.86800 1.40707 2.29153 2.66646 11.99610 11590.7 12879.6 2.56806 0.64499 
0.63113 2.87600 1.41432 2.29135 2.66619 11.98799 11601.3 12891.4 2.56526 0.64498 
0.63120 2.88400 1.42158 2.29116 2.66591 11.97993 11611.9 12903.1 2.56247 0.64496 
0.63127 2.89200 1.42885 2.29097 2.66562 11.97189 11622.4 12914.8 2.55967 0.64495 
0.63134 2.90000 1.43613 2.29077 2.66532 11.96389 11632.8 12926.4 2.55687 0.64494 
0.63141 2.90800 1.44343 2.29057 2.66502 11.95593 11643.2 12938.0 2.55408 0.64492 
0.63148 2.91600 1.45073 2.29036 2.66470 11.94799 11653.6 12949.6 2.55129 0.64491 
0.63155 2.92400 1.45805 2.29015 2.66438 11.94009 11663.9 12961.1 2.54850 0.64490 
0.63162 2.93200 1.46537 2.28993 2.66406 11.93223 11674.2 12972.5 2.54571 0.64488 
0.63169 2.94000 1.47271 2.28968 2.66369 11.92432 11684.5 12984.0 2.54289 0.64488 
0.63175 2.94800 1.48005 2.28945 2.66335 11.91652 11694.7 12995.4 2.54011 0.64486 
0.63182 2.95600 1.48741 2.28922 2.66300 11.90875 11704.9 13006.7 2.53733 0.64485 
0.63189 2.96400 1.49478 2.28898 2.66264 11.90102 11715.1 13018.0 2.53455 0.64483 
0.63196 2.97200 1.50215 2.28874 2.66228 11.89331 11725.2 13029.2 2.53177 0.64482 
0.63202 2.98000 1.50954 2.28850 2.66191 11.88564 11735.2 13040.4 2.52899 0.64480 
0.63209 2.98800 1.51694 2.28825 2.66154 11.87800 11745.3 13051.5 2.52622 0.64479 
0.63216 2.99600 1.52435 2.28799 2.66116 11.87039 11755.3 13062.7 2.52345 0.64477 
0.63222 3.00400 1.53177 2.28773 2.66077 11.86281 11765.2 13073.7 2.52069 0.64475 
0.63229 3.01200 1.53920 2.28747 2.66037 11.85527 11775.1 13084.7 2.51792 0.64474 
0.63235 3.02000 1.54664 2.28721 2.65997 11.84775 11785.0 13095.7 2.51516 0.64472 
0.63242 3.02800 1.55409 2.28694 2.65957 11.84027 11794.8 13106.6 2.51240 0.64471 
0.63248 3.03600 1.56154 2.28666 2.65916 11.83284 11804.7 13117.5 2.50965 0.64469 
0.63255 3.04400 1.56901 2.28638 2.65874 11.82542 11814.4 13128.4 2.50690 0.64467 
0.63261 3.05200 1.57649 2.28610 2.65831 11.81802 11824.2 13139.2 2.50416 0.64466 
0.63268 3.06000 1.58398 2.28581 2.65788 11.81066 11833.9 13149.9 2.50141 0.64464 
0.63274 3.06800 1.59148 2.28552 2.65744 11.80333 11843.5 13160.7 2.49867 0.64462 
0.63280 3.07600 1.59899 2.28523 2.65700 11.79603 11853.1 13171.4 2.49593 0.64460 
0.63287 3.08400 1.60651 2.28493 2.65655 11.78876 11862.7 13182.0 2.49320 0.64459 
0.63293 3.09200 1.61404 2.28463 2.65610 11.78152 11872.3 13192.6 2.49047 0.64457 
0.63299 3.10000 1.62158 2.28433 2.65564 11.77431 11881.8 13203.2 2.48774 0.64455 
0.63305 3.10800 1.62913 2.28402 2.65517 11.76712 11891.3 13213.7 2.48502 0.64453 
0.63310 3.11600 1.63668 2.28372 2.65471 11.76011 11900.8 13224.0 2.48232 0.64452 
0.63316 3.12400 1.64425 2.28340 2.65424 11.75298 11910.2 13234.4 2.47960 0.64450 
0.63323 3.13200 1.65183 2.28308 2.65376 11.74588 11919.6 13244.8 2.47689 0.64448 
0.63329 3.14000 1.65942 2.28276 2.65327 11.73882 11928.9 13255.2 2.47418 0.64447 
0.63335 3.14800 1.66701 2.28244 2.65278 11.73178 11938.2 13265.5 2.47148 0.64445 
0.63341 3.15600 1.67462 2.28211 2.65228 11.72477 11947.5 13275.8 2.46878 0.64443 
0.63347 3.16400 1.68223 2.28178 2.65178 11.71778 11956.7 13286.1 2.46608 0.64441 
0.63353 3.17200 1.68986 2.28144 2.65127 11.71083 11965.9 13296.3 2.46339 0.64439 
0.63360 3.18000 1.69749 2.28110 2.65075 11.70376 11975.0 13306.7 2.46068 0.64436 
0.63367 3.18800 1.70514 2.28075 2.65024 11.69684 11984.1 13316.9 2.45799 0.64434 
0.63373 3.19600 1.71279 2.28041 2.64972 11.68996 11993.2 13327.0 2.45531 0.64432 
0.63379 3.20400 1.72045 2.28006 2.64919 11.68312 12002.2 13337.0 2.45263 0.64430 
0.63384 3.21200 1.72812 2.27972 2.64867 11.67639 12011.3 13346.9 2.44998 0.64428 
0.63389 3.22000 1.73580 2.27937 2.64813 11.66960 12020.3 13356.9 2.44731 0.64426 
0.63392 3.22800 1.74349 2.27903 2.64762 11.66315 12029.5 13366.4 2.44470 0.64426 
0.63398 3.23600 1.75119 2.27868 2.64707 11.65641 12038.4 13376.3 2.44205 0.64424 
0.63404 3.24400 1.75890 2.27832 2.64653 11.64970 12047.3 13386.2 2.43939 0.64421 
0.63413 3.25200 1.76662 2.27794 2.64595 11.64271 12056.0 13396.5 2.43669 0.64418 
0.63403 3.26000 1.77434 2.27766 2.64550 11.63754 12065.9 13404.0 2.43431 0.64423 
0.63409 3.26800 1.78208 2.27730 2.64494 11.63092 12074.7 13413.8 2.43167 0.64421 
0.63431 3.27600 1.78982 2.27683 2.64427 11.62273 12082.3 13426.0 2.42875 0.64411 
0.63429 3.28400 1.79758 2.27650 2.64376 11.61689 12091.6 13434.5 2.42625 0.64413 
0.63434 3.29200 1.80534 2.27613 2.64319 11.61034 12100.3 13444.2 2.42363 0.64410 
0.63440 3.30000 1.81311 2.27575 2.64261 11.60381 12108.9 13453.8 2.42100 0.64408 
0.63445 3.30800 1.82089 2.27537 2.64203 11.59731 12117.6 13463.4 2.41839 0.64406 
0.63451 3.31600 1.82868 2.27499 2.64145 11.59083 12126.2 13473.0 2.41577 0.64404 
0.63457 3.32400 1.83647 2.27460 2.64087 11.58434 12134.8 13482.6 2.41316 0.64401 
0.63470 3.33200 1.84428 2.27416 2.64022 11.57713 12142.7 13493.3 2.41041 0.64395 
0.63476 3.34000 1.85209 2.27378 2.63963 11.57073 12151.2 13502.8 2.40781 0.64393 
0.63482 3.34800 1.85992 2.27338 2.63903 11.56427 12159.7 13512.3 2.40521 0.64390 
0.63488 3.35600 1.86775 2.27299 2.63843 11.55792 12168.1 13521.7 2.40262 0.64387 
0.63493 3.36400 1.87559 2.27259 2.63783 11.55159 12176.6 13531.1 2.40003 0.64385 
0.63499 3.37200 1.88344 2.27220 2.63722 11.54528 12185.0 13540.4 2.39745 0.64383 
0.63504 3.38000 1.89130 2.27179 2.63661 11.53895 12193.3 13549.8 2.39487 0.64380 
0.63510 3.38800 1.89916 2.27139 2.63600 11.53269 12201.6 13559.0 2.39230 0.64378 
0.63515 3.39600 1.90704 2.27099 2.63538 11.52646 12209.9 13568.3 2.38973 0.64375 
0.63520 3.40400 1.91492 2.27079 2.63508 11.52077 12218.0 13576.8 2.38745 0.64368 
0.63525 3.41200 1.92281 2.27040 2.63447 11.51462 12226.3 13585.9 2.38492 0.64365 
0.63530 3.42000 1.93071 2.26999 2.63386 11.50847 12234.5 13595.0 2.38238 0.64363 
0.63539 3.42800 1.93862 2.26957 2.63323 11.50204 12242.5 13604.6 2.37980 0.64359 
0.63541 3.43600 1.94653 2.26919 2.63263 11.49624 12250.9 13613.2 2.37733 0.64358 
0.63549 3.44400 1.95446 2.26878 2.63201 11.48983 12258.7 13622.7 2.37477 0.64353 
0.63555 3.45200 1.96239 2.26837 2.63139 11.48378 12266.8 13631.7 2.37226 0.64351 
0.63560 3.46000 1.97033 2.26797 2.63077 11.47775 12274.9 13640.7 2.36976 0.64348 
0.63565 3.46800 1.97828 2.26756 2.63015 11.47175 12282.9 13649.6 2.36726 0.64345 
0.63570 3.47600 1.98624 2.26715 2.62952 11.46577 12290.9 13658.5 2.36477 0.64343 
0.63575 3.48400 1.99421 2.26674 2.62889 11.45981 12298.9 13667.3 2.36228 0.64340 
0.63580 3.49200 2.00218 2.26633 2.62826 11.45388 12306.9 13676.1 2.35980 0.64338 
0.63582 3.50000 2.01016 2.26591 2.62762 11.44816 12315.0 13684.6 2.35734 0.64336 
0.63588 3.50800 2.01815 2.26550 2.62698 11.44226 12322.9 13693.4 2.35486 0.64334 
0.63593 3.51600 2.02615 2.26508 2.62634 11.43638 12330.8 13702.1 2.35240 0.64331 
0.63597 3.52400 2.03415 2.26425 2.62509 11.42979 12339.1 13711.6 2.34926 0.64336 
0.63602 3.53200 2.04216 2.26381 2.62442 11.42393 12347.0 13720.3 2.34677 0.64334 
0.63607 3.54000 2.05018 2.26519 2.62638 11.42200 12352.0 13724.1 2.34715 0.64292 
0.63612 3.54800 2.05821 2.26478 2.62575 11.41624 12359.8 13732.7 2.34473 0.64289 
0.63617 3.55600 2.06625 2.26437 2.62512 11.41050 12367.5 13741.2 2.34232 0.64286 
0.63622 3.56400 2.07429 2.26396 2.62449 11.40478 12375.2 13749.7 2.33991 0.64283 
0.63641 3.57200 2.08235 2.26220 2.62191 11.39534 12383.3 13763.2 2.33522 0.64297 
0.63646 3.58000 2.09041 2.26174 2.62121 11.38962 12391.0 13771.7 2.33275 0.64294 
0.63651 3.58800 2.09847 2.26128 2.62051 11.38391 12398.6 13780.2 2.33027 0.64292 
0.63654 3.59600 2.10655 2.25999 2.61868 11.37615 12408.4 13791.6 2.32636 0.64308 
0.63647 3.60400 2.11463 2.26049 2.61927 11.37376 12414.9 13795.2 2.32562 0.64293 
0.63650 3.61200 2.12272 2.26005 2.61858 11.36828 12422.6 13803.3 2.32320 0.64291 
0.63656 3.62000 2.13082 2.25958 2.61787 11.36253 12430.0 13811.9 2.32074 0.64288 
0.63659 3.62800 2.13893 2.25913 2.61718 11.35705 12437.7 13820.0 2.31833 0.64286 
0.63619 3.63600 2.14704 2.25902 2.61687 11.35571 12448.3 13821.5 2.31683 0.64306 
0.63672 3.64400 2.15516 2.25829 2.61588 11.34572 12452.2 13837.0 2.31364 0.64279 
0.63671 3.65200 2.16329 2.25703 2.61404 11.33878 12461.7 13847.0 2.30990 0.64296 
0.63678 3.66000 2.17143 2.25656 2.61333 11.33305 12469.0 13855.6 2.30747 0.64292 
0.63682 3.66800 2.17957 2.25609 2.61260 11.32755 12476.4 13863.8 2.30504 0.64290 
0.63678 3.67600 2.18772 2.25565 2.61190 11.32280 12484.4 13870.7 2.30271 0.64292 
0.63692 3.68400 2.19588 2.25643 2.61308 11.31885 12490.0 13877.6 2.30207 0.64258 
0.63677 3.69200 2.20405 2.25604 2.61244 11.31510 12498.8 13882.9 2.29991 0.64265 
0.63701 3.70000 2.21222 2.25561 2.61181 11.30817 12504.5 13893.6 2.29751 0.64251 
0.63705 3.70800 2.22040 2.25520 2.61118 11.30283 12511.7 13901.7 2.29524 0.64248 
0.63708 3.71600 2.22859 2.25472 2.61044 11.29753 12519.1 13909.5 2.29281 0.64246 
0.63713 3.72400 2.23678 2.25431 2.60980 11.29225 12526.3 13917.5 2.29055 0.64243 
0.63717 3.73200 2.24498 2.25219 2.60663 11.28406 12535.0 13928.5 2.28562 0.64270 
0.63730 3.74000 2.25319 2.25327 2.60825 11.28074 12540.2 13934.8 2.28551 0.64232 
0.63728 3.74800 2.26141 2.25118 2.60509 11.27321 12549.3 13944.7 2.28077 0.64264 
0.63731 3.75600 2.26963 2.25065 2.60429 11.26765 12556.8 13953.1 2.27834 0.64264 
0.63734 3.76400 2.27786 2.25016 2.60354 11.26246 12564.0 13960.9 2.27597 0.64262 
0.63740 3.77200 2.28610 2.24969 2.60282 11.25713 12571.1 13968.9 2.27363 0.64259 
0.63743 3.78000 2.29435 2.24919 2.60206 11.25191 12578.2 13976.6 2.27125 0.64257 
0.63748 3.78800 2.30260 2.24869 2.60128 11.24664 12585.3 13984.5 2.26887 0.64254 
0.63752 3.79600 2.31086 2.24818 2.60051 11.24139 12592.3 13992.3 2.26648 0.64251 
0.63757 3.80400 2.31912 2.24770 2.59977 11.23618 12599.3 14000.2 2.26416 0.64248 
0.63761 3.81200 2.32740 2.24719 2.59899 11.23096 12606.3 14007.9 2.26177 0.64246 
0.63766 3.82000 2.33568 2.24670 2.59824 11.22577 12613.2 14015.7 2.25944 0.64243 
0.63770 3.82800 2.34396 2.24620 2.59747 11.22057 12620.1 14023.5 2.25710 0.64240 
0.63775 3.83600 2.35226 2.24570 2.59669 11.21540 12627.0 14031.2 2.25475 0.64237 
0.63782 3.84400 2.36056 2.24521 2.59595 11.21001 12633.6 14039.4 2.25244 0.64232 
0.63787 3.85200 2.36887 2.24469 2.59516 11.20488 12640.5 14047.0 2.25008 0.64230 
0.63789 3.86000 2.37718 2.24428 2.59452 11.19998 12647.5 14054.5 2.24790 0.64227 
0.63793 3.86800 2.38550 2.24950 2.60212 11.20609 12646.7 14048.1 2.25439 0.64110 
0.63801 3.87600 2.39383 2.24906 2.60146 11.20086 12653.2 14056.1 2.25216 0.64104 
0.63801 3.88400 2.40216 2.24868 2.60085 11.19637 12660.2 14062.8 2.25010 0.64102 
0.63804 3.89200 2.41050 2.24829 2.60025 11.19156 12666.8 14070.1 2.24802 0.64099 
0.63808 3.90000 2.41885 2.24200 2.59103 11.17523 12681.6 14091.7 2.23672 0.64210 
0.63813 3.90800 2.42721 2.24744 2.59893 11.18178 12680.1 14084.8 2.24368 0.64090 
0.63817 3.91600 2.43557 2.24106 2.58958 11.16532 12694.9 14106.7 2.23225 0.64203 
0.63822 3.92400 2.44394 2.24655 2.59757 11.17200 12693.4 14099.6 2.23924 0.64082 
0.63826 3.93200 2.45231 2.24616 2.59696 11.16723 12699.9 14106.8 2.23717 0.64077 
0.63831 3.94000 2.46069 2.23956 2.58728 11.15042 12714.7 14129.1 2.22546 0.64193 
0.63835 3.94800 2.46908 2.23910 2.58658 11.14559 12721.3 14136.3 2.22327 0.64189 
0.63831 3.95600 2.47748 2.24839 2.59978 11.16226 12711.4 14114.5 2.23663 0.63993 
0.63839 3.96400 2.48588 2.23871 2.58598 11.13701 12734.6 14149.7 2.21967 0.64175 
0.63850 3.97200 2.49428 2.23747 2.58405 11.13057 12740.6 14158.9 2.21646 0.64183 
0.63853 3.98000 2.50270 2.23695 2.58325 11.12583 12747.2 14165.9 2.21421 0.64181 
0.63850 3.98800 2.51112 2.23757 2.58421 11.12309 12754.1 14170.9 2.21352 0.64161 
0.63859 3.99600 2.51955 2.23568 2.58121 11.11636 12759.6 14179.6 2.20955 0.64181 