ratio e_15 p_15 M M_0 r_star spin Omega_K I J/M^2 
0.60107 0.84000 0.09247 1.37518 1.48756 16.04786 6283.5 6701.7 1.72341 0.65156 
0.61684 0.84800 0.09476 1.38444 1.49895 15.70435 6284.2 6949.6 1.73029 0.64551 
0.62884 0.85600 0.09707 1.39343 1.51005 15.45798 6282.8 7140.8 1.73646 0.63933 
0.63858 0.86400 0.09941 1.40223 1.52092 15.26540 6282.1 7299.0 1.74212 0.63333 
0.64682 0.87200 0.10179 1.41122 1.53202 15.10714 6282.7 7437.0 1.74878 0.62774 
0.65411 0.88000 0.10419 1.42035 1.54332 14.96886 6283.3 7564.2 1.75660 0.62253 
0.66088 0.88800 0.10662 1.42923 1.55434 14.84427 6283.5 7682.1 1.76356 0.61727 
0.66719 0.89600 0.10909 1.43799 1.56524 14.73118 6283.5 7792.5 1.77021 0.61207 
0.67310 0.90400 0.11158 1.44662 1.57598 14.62717 6283.3 7897.1 1.77669 0.60698 
0.67864 0.91200 0.11410 1.45531 1.58683 14.53144 6283.0 7996.8 1.78353 0.60204 
0.68386 0.92000 0.11665 1.46390 1.59756 14.44232 6283.0 8092.3 1.79039 0.59729 
0.68879 0.92800 0.11923 1.47237 1.60817 14.35922 6283.0 8183.5 1.79710 0.59264 
0.69347 0.93600 0.12184 1.48072 1.61863 14.28079 6282.9 8271.5 1.80363 0.58810 
0.69793 0.94400 0.12448 1.48900 1.62903 14.20708 6283.0 8356.2 1.81016 0.58368 
0.70220 0.95200 0.12715 1.49714 1.63927 14.13684 6283.2 8438.3 1.81647 0.57939 
0.70632 0.96000 0.12985 1.50524 1.64947 14.07031 6283.4 8517.9 1.82278 0.57518 
0.71027 0.96800 0.13257 1.51332 1.65967 14.00694 6283.5 8595.6 1.82929 0.57110 
0.71407 0.97600 0.13533 1.52134 1.66983 13.94620 6283.3 8671.9 1.83598 0.56714 
0.71774 0.98400 0.13811 1.52934 1.67998 13.88799 6283.2 8746.5 1.84280 0.56330 
0.72128 0.99200 0.14093 1.53721 1.68999 13.83220 6283.0 8819.1 1.84942 0.55953 
0.72470 1.00000 0.14377 1.54501 1.69992 13.77874 6283.2 8889.7 1.85594 0.55586 
0.72801 1.00800 0.14664 1.55274 1.70977 13.72727 6283.2 8958.7 1.86235 0.55225 
0.73121 1.01600 0.14954 1.56029 1.71941 13.67727 6282.9 9026.4 1.86853 0.54871 
0.73432 1.02400 0.15247 1.56777 1.72899 13.62888 6282.7 9092.8 1.87465 0.54524 
0.73734 1.03200 0.15543 1.57513 1.73843 13.58205 6282.5 9157.9 1.88061 0.54185 
0.74027 1.04000 0.15842 1.58242 1.74778 13.53678 6282.3 9221.6 1.88648 0.53854 
0.74311 1.04800 0.16143 1.58964 1.75707 13.49290 6282.5 9284.2 1.89230 0.53532 
0.74588 1.05600 0.16447 1.59677 1.76625 13.45048 6282.7 9345.5 1.89801 0.53217 
0.74857 1.06400 0.16755 1.60382 1.77535 13.40926 6282.9 9405.7 1.90365 0.52909 
0.75121 1.07200 0.17064 1.61072 1.78428 13.36875 6283.2 9465.3 1.90909 0.52608 
0.75379 1.08000 0.17377 1.61756 1.79314 13.32940 6283.0 9523.9 1.91450 0.52311 
0.75630 1.08800 0.17693 1.62436 1.80197 13.29122 6283.0 9581.7 1.91993 0.52021 
0.75874 1.09600 0.18011 1.63109 1.81074 13.25401 6283.2 9638.6 1.92531 0.51738 
0.76112 1.10400 0.18332 1.63772 1.81937 13.21767 6283.1 9694.6 1.93059 0.51460 
0.76345 1.11200 0.18656 1.64426 1.82792 13.18223 6283.3 9749.8 1.93576 0.51190 
0.76572 1.12000 0.18983 1.65075 1.83640 13.14771 6283.6 9804.0 1.94087 0.50925 
0.76794 1.12800 0.19312 1.65711 1.84473 13.11380 6283.7 9857.6 1.94582 0.50665 
0.77011 1.13600 0.19645 1.66339 1.85297 13.08064 6283.6 9910.4 1.95068 0.50408 
0.77223 1.14400 0.19979 1.66956 1.86109 13.04806 6283.5 9962.6 1.95538 0.50155 
0.77431 1.15200 0.20317 1.67566 1.86911 13.01613 6283.3 10014.1 1.96001 0.49907 
0.77634 1.16000 0.20657 1.68172 1.87710 12.98500 6283.0 10064.9 1.96461 0.49662 
0.77832 1.16800 0.21000 1.68766 1.88496 12.95431 6282.8 10115.1 1.96905 0.49423 
0.78027 1.17600 0.21346 1.69351 1.89270 12.92418 6282.7 10164.7 1.97337 0.49188 
0.78217 1.18400 0.21695 1.69930 1.90037 12.89466 6282.5 10213.7 1.97763 0.48958 
0.78404 1.19200 0.22046 1.70499 1.90793 12.86563 6282.4 10262.2 1.98179 0.48734 
0.78586 1.20000 0.22400 1.71064 1.91545 12.83722 6282.5 10310.0 1.98591 0.48514 
0.78766 1.20800 0.22756 1.71621 1.92287 12.80930 6282.6 10357.2 1.98993 0.48298 
0.78942 1.21600 0.23115 1.72169 1.93020 12.78187 6282.7 10403.9 1.99385 0.48085 
0.79115 1.22400 0.23477 1.72708 1.93740 12.75476 6282.7 10450.2 1.99766 0.47877 
0.79284 1.23200 0.23842 1.73242 1.94456 12.72817 6282.8 10495.9 2.00141 0.47672 
0.79451 1.24000 0.24209 1.73769 1.95163 12.70200 6282.9 10541.2 2.00507 0.47471 
0.79614 1.24800 0.24579 1.74287 1.95859 12.67624 6282.9 10585.9 2.00861 0.47273 
0.79775 1.25600 0.24951 1.74798 1.96547 12.65085 6282.9 10630.1 2.01208 0.47079 
0.79933 1.26400 0.25326 1.75303 1.97229 12.62584 6283.1 10673.9 2.01547 0.46888 
0.80088 1.27200 0.25703 1.75791 1.97889 12.60089 6283.3 10717.5 2.01864 0.46702 
0.80241 1.28000 0.26083 1.76281 1.98552 12.57661 6283.3 10760.4 2.02186 0.46518 
0.80390 1.28800 0.26466 1.76764 1.99207 12.55272 6283.4 10802.9 2.02501 0.46337 
0.80536 1.29600 0.26851 1.77242 1.99857 12.52926 6283.8 10845.0 2.02815 0.46161 
0.80678 1.30400 0.27239 1.77716 2.00502 12.50617 6284.2 10886.7 2.03127 0.45989 
0.80818 1.31200 0.27629 1.78182 2.01137 12.48340 6284.5 10928.0 2.03433 0.45819 
0.80956 1.32000 0.28022 1.78642 2.01764 12.46094 6284.7 10969.0 2.03732 0.45653 
0.81091 1.32800 0.28418 1.79091 2.02379 12.43867 6284.7 11009.7 2.04020 0.45488 
0.81223 1.33600 0.28815 1.79536 2.02989 12.41672 6284.6 11050.0 2.04303 0.45325 
0.81354 1.34400 0.29216 1.79975 2.03592 12.39503 6284.5 11090.0 2.04580 0.45165 
0.81482 1.35200 0.29619 1.80408 2.04187 12.37358 6284.5 11129.6 2.04848 0.45007 
0.81608 1.36000 0.30024 1.80833 2.04773 12.35239 6284.4 11168.8 2.05106 0.44851 
0.81732 1.36800 0.30432 1.81250 2.05347 12.33136 6284.2 11207.7 2.05351 0.44697 
0.81854 1.37600 0.30842 1.81662 2.05917 12.31064 6284.0 11246.2 2.05591 0.44545 
0.81974 1.38400 0.31255 1.82068 2.06479 12.29013 6283.9 11284.3 2.05822 0.44395 
0.82093 1.39200 0.31670 1.82467 2.07032 12.26976 6283.8 11322.2 2.06043 0.44249 
0.82210 1.40000 0.32087 1.82862 2.07580 12.24971 6283.6 11359.6 2.06259 0.44103 
0.82325 1.40800 0.32507 1.83248 2.08118 12.22981 6283.5 11396.7 2.06464 0.43959 
0.82439 1.41600 0.32930 1.83631 2.08650 12.21017 6283.3 11433.5 2.06664 0.43817 
0.82550 1.42400 0.33355 1.84012 2.09182 12.19085 6283.1 11469.9 2.06862 0.43677 
0.82661 1.43200 0.33782 1.84384 2.09702 12.17164 6283.1 11506.1 2.07049 0.43540 
0.82769 1.44000 0.34211 1.84749 2.10214 12.15257 6283.1 11542.0 2.07227 0.43405 
0.82876 1.44800 0.34643 1.85111 2.10720 12.13377 6283.1 11577.6 2.07400 0.43272 
0.82982 1.45600 0.35078 1.85463 2.11215 12.11506 6283.0 11613.0 2.07563 0.43141 
0.83086 1.46400 0.35515 1.85813 2.11706 12.09661 6283.0 11648.0 2.07723 0.43012 
0.83189 1.47200 0.35954 1.86157 2.12192 12.07833 6283.0 11682.7 2.07875 0.42884 
0.83291 1.48000 0.36395 1.86494 2.12666 12.06015 6283.1 11717.3 2.08017 0.42759 
0.83391 1.48800 0.36839 1.86827 2.13137 12.04220 6283.0 11751.5 2.08155 0.42635 
0.83489 1.49600 0.37285 1.87155 2.13602 12.02442 6283.0 11785.4 2.08287 0.42512 
0.83587 1.50400 0.37733 1.87478 2.14059 12.00680 6282.9 11819.1 2.08413 0.42391 
0.83683 1.51200 0.38184 1.87796 2.14511 11.98935 6282.9 11852.6 2.08532 0.42272 
0.83778 1.52000 0.38636 1.88110 2.14957 11.97207 6283.0 11885.7 2.08646 0.42154 
0.83871 1.52800 0.39092 1.88418 2.15396 11.95494 6283.1 11918.6 2.08754 0.42038 
0.83964 1.53600 0.39549 1.88719 2.15826 11.93789 6283.1 11951.4 2.08852 0.41924 
0.84055 1.54400 0.40009 1.89018 2.16252 11.92105 6283.1 11983.8 2.08947 0.41811 
0.84145 1.55200 0.40471 1.89312 2.16672 11.90436 6283.1 12016.0 2.09037 0.41699 
0.84234 1.56000 0.40935 1.89601 2.17087 11.88782 6283.1 12048.0 2.09121 0.41589 
0.84322 1.56800 0.41401 1.89886 2.17496 11.87142 6283.2 12079.7 2.09200 0.41480 
0.84409 1.57600 0.41870 1.90167 2.17899 11.85515 6283.3 12111.3 2.09273 0.41373 
0.84494 1.58400 0.42340 1.90442 2.18296 11.83901 6283.3 12142.6 2.09341 0.41267 
0.84579 1.59200 0.42813 1.90714 2.18687 11.82301 6283.3 12173.6 2.09403 0.41162 
0.84663 1.60000 0.43288 1.90980 2.19072 11.80712 6283.2 12204.5 2.09459 0.41057 
0.84746 1.60800 0.43766 1.91242 2.19451 11.79137 6283.1 12235.2 2.09510 0.40954 
0.84828 1.61600 0.44245 1.91500 2.19824 11.77576 6283.1 12265.6 2.09556 0.40853 
0.84909 1.62400 0.44727 1.91755 2.20194 11.76028 6283.2 12295.8 2.09599 0.40753 
0.84989 1.63200 0.45211 1.92003 2.20554 11.74484 6283.2 12325.9 2.09634 0.40655 
0.85067 1.64000 0.45697 1.92242 2.20903 11.72946 6283.4 12355.8 2.09660 0.40560 
0.85143 1.64800 0.46185 1.92485 2.21256 11.71442 6283.6 12385.3 2.09691 0.40465 
0.85219 1.65600 0.46675 1.92724 2.21603 11.69950 6283.8 12414.7 2.09718 0.40372 
0.85293 1.66400 0.47167 1.92956 2.21942 11.68462 6284.0 12443.9 2.09737 0.40279 
0.85367 1.67200 0.47662 1.93187 2.22278 11.66991 6284.1 12472.8 2.09754 0.40187 
0.85440 1.68000 0.48158 1.93413 2.22609 11.65530 6284.2 12501.5 2.09766 0.40096 
0.85512 1.68800 0.48657 1.93636 2.22936 11.64080 6284.2 12530.1 2.09774 0.40005 
0.85582 1.69600 0.49158 1.93856 2.23257 11.62640 6284.2 12558.5 2.09778 0.39916 
0.85652 1.70400 0.49661 1.94071 2.23574 11.61211 6284.3 12586.7 2.09778 0.39827 
0.85722 1.71200 0.50165 1.94283 2.23885 11.59793 6284.3 12614.8 2.09773 0.39739 
0.85790 1.72000 0.50672 1.94491 2.24192 11.58385 6284.2 12642.6 2.09764 0.39652 
0.85857 1.72800 0.51181 1.94696 2.24493 11.56987 6284.2 12670.3 2.09751 0.39566 
0.85924 1.73600 0.51692 1.94897 2.24791 11.55598 6284.2 12697.8 2.09734 0.39481 
0.85990 1.74400 0.52205 1.95095 2.25083 11.54220 6284.1 12725.1 2.09714 0.39397 
0.86055 1.75200 0.52720 1.95290 2.25371 11.52851 6284.1 12752.3 2.09690 0.39314 
0.86120 1.76000 0.53237 1.95481 2.25655 11.51492 6284.1 12779.3 2.09662 0.39232 
0.86183 1.76800 0.53756 1.95670 2.25935 11.50143 6284.1 12806.1 2.09632 0.39150 
0.86246 1.77600 0.54277 1.95855 2.26210 11.48802 6284.0 12832.7 2.09597 0.39070 
0.86308 1.78400 0.54800 1.96036 2.26480 11.47471 6284.0 12859.2 2.09559 0.38990 
0.86370 1.79200 0.55325 1.96215 2.26747 11.46149 6283.9 12885.6 2.09517 0.38911 
0.86431 1.80000 0.55851 1.96388 2.27005 11.44829 6283.8 12911.8 2.09468 0.38833 
0.86491 1.80800 0.56380 1.96560 2.27263 11.43525 6283.7 12937.8 2.09420 0.38755 
0.86550 1.81600 0.56911 1.96730 2.27517 11.42230 6283.7 12963.7 2.09369 0.38679 
0.86609 1.82400 0.57443 1.96897 2.27768 11.40943 6283.6 12989.4 2.09315 0.38603 
0.86667 1.83200 0.57978 1.97061 2.28014 11.39665 6283.6 13014.9 2.09257 0.38528 
0.86724 1.84000 0.58515 1.97223 2.28257 11.38395 6283.6 13040.3 2.09197 0.38454 
0.86781 1.84800 0.59053 1.97381 2.28496 11.37134 6283.6 13065.6 2.09134 0.38380 
0.86838 1.85600 0.59593 1.97537 2.28730 11.35881 6283.5 13090.6 2.09067 0.38307 
0.86893 1.86400 0.60135 1.97690 2.28961 11.34636 6283.4 13115.6 2.08998 0.38235 
0.86948 1.87200 0.60679 1.97837 2.29184 11.33392 6283.4 13140.5 2.08923 0.38164 
0.87003 1.88000 0.61225 1.97985 2.29408 11.32163 6283.3 13165.2 2.08848 0.38093 
0.87057 1.88800 0.61773 1.98130 2.29628 11.30942 6283.3 13189.7 2.08771 0.38023 
0.87110 1.89600 0.62323 1.98273 2.29846 11.29730 6283.3 13214.1 2.08692 0.37953 
0.87163 1.90400 0.62874 1.98414 2.30060 11.28525 6283.3 13238.3 2.08611 0.37885 
0.87215 1.91200 0.63428 1.98549 2.30266 11.27321 6283.3 13262.5 2.08523 0.37818 
0.87267 1.92000 0.63983 1.98685 2.30474 11.26132 6283.3 13286.4 2.08437 0.37750 
0.87318 1.92800 0.64540 1.98819 2.30678 11.24951 6283.3 13310.3 2.08349 0.37684 
0.87368 1.93600 0.65099 1.98947 2.30875 11.23773 6283.3 13334.0 2.08256 0.37618 
0.87418 1.94400 0.65659 1.99077 2.31074 11.22609 6283.2 13357.6 2.08165 0.37552 
0.87468 1.95200 0.66222 1.99201 2.31264 11.21444 6283.2 13381.1 2.08066 0.37488 
0.87517 1.96000 0.66786 1.99332 2.31465 11.20308 6283.1 13404.3 2.07978 0.37422 
0.87566 1.96800 0.67352 1.99456 2.31655 11.19167 6283.1 13427.4 2.07882 0.37358 
0.87614 1.97600 0.67920 1.99574 2.31837 11.18024 6283.0 13450.6 2.07778 0.37295 
0.87661 1.98400 0.68489 1.99689 2.32016 11.16887 6282.9 13473.6 2.07672 0.37232 
0.87708 1.99200 0.69061 1.99804 2.32195 11.15763 6282.9 13496.5 2.07567 0.37170 
0.87755 2.00000 0.69634 1.99918 2.32371 11.14645 6282.8 13519.2 2.07460 0.37108 
0.87801 2.00800 0.70209 2.00026 2.32538 11.13526 6282.7 13541.9 2.07348 0.37048 
0.87847 2.01600 0.70785 2.00134 2.32708 11.12421 6282.7 13564.4 2.07236 0.36987 
0.87892 2.02400 0.71363 2.00241 2.32874 11.11322 6282.6 13586.8 2.07124 0.36927 
0.87937 2.03200 0.71943 2.00346 2.33037 11.10230 6282.5 13609.0 2.07009 0.36868 
0.87981 2.04000 0.72525 2.00445 2.33194 11.09138 6282.5 13631.3 2.06889 0.36810 
0.88025 2.04800 0.73109 2.00546 2.33351 11.08058 6282.4 13653.3 2.06771 0.36752 
0.88069 2.05600 0.73694 2.00645 2.33506 11.06984 6282.4 13675.2 2.06652 0.36694 
0.88112 2.06400 0.74280 2.00742 2.33659 11.05917 6282.4 13697.0 2.06530 0.36637 
0.88155 2.07200 0.74869 2.00837 2.33809 11.04855 6282.4 13718.7 2.06407 0.36581 
0.88197 2.08000 0.75459 2.00930 2.33955 11.03801 6282.4 13740.3 2.06283 0.36525 
0.88239 2.08800 0.76051 2.01021 2.34100 11.02752 6282.4 13761.8 2.06156 0.36469 
0.88281 2.09600 0.76644 2.01110 2.34241 11.01709 6282.4 13783.1 2.06029 0.36414 
0.88322 2.10400 0.77239 2.01198 2.34380 11.00672 6282.4 13804.3 2.05899 0.36360 
0.88363 2.11200 0.77836 2.01284 2.34517 10.99641 6282.4 13825.5 2.05768 0.36306 
0.88403 2.12000 0.78434 2.01365 2.34647 10.98609 6282.4 13846.6 2.05634 0.36253 
0.88444 2.12800 0.79034 2.01447 2.34778 10.97589 6282.5 13867.5 2.05500 0.36200 
0.88483 2.13600 0.79636 2.01528 2.34907 10.96575 6282.5 13888.3 2.05364 0.36147 
0.88523 2.14400 0.80239 2.01607 2.35033 10.95566 6282.6 13909.0 2.05228 0.36095 
0.88562 2.15200 0.80844 2.01685 2.35158 10.94563 6282.7 13929.6 2.05090 0.36044 
0.88601 2.16000 0.81450 2.01761 2.35280 10.93565 6282.7 13950.1 2.04951 0.35993 
0.88639 2.16800 0.82058 2.01835 2.35399 10.92573 6282.8 13970.4 2.04810 0.35942 
0.88677 2.17600 0.82668 2.01908 2.35517 10.91586 6282.9 13990.7 2.04669 0.35892 
0.88715 2.18400 0.83279 2.01979 2.35632 10.90604 6283.0 14010.9 2.04526 0.35842 
0.88753 2.19200 0.83892 2.02048 2.35744 10.89628 6283.1 14031.0 2.04381 0.35792 
0.88790 2.20000 0.84506 2.02116 2.35854 10.88657 6283.1 14051.0 2.04235 0.35743 
0.88827 2.20800 0.85122 2.02183 2.35962 10.87691 6283.2 14070.9 2.04089 0.35694 
0.88863 2.21600 0.85740 2.02248 2.36068 10.86730 6283.2 14090.7 2.03941 0.35646 
0.88899 2.22400 0.86359 2.02311 2.36171 10.85775 6283.3 14110.3 2.03792 0.35598 
0.88935 2.23200 0.86979 2.02373 2.36273 10.84824 6283.4 14129.9 2.03642 0.35550 
0.88971 2.24000 0.87601 2.02434 2.36373 10.83879 6283.5 14149.4 2.03491 0.35503 
0.89006 2.24800 0.88225 2.02494 2.36470 10.82938 6283.6 14168.9 2.03339 0.35456 
0.89041 2.25600 0.88850 2.02552 2.36566 10.82002 6283.7 14188.2 2.03186 0.35410 
0.89076 2.26400 0.89477 2.02604 2.36654 10.81062 6283.8 14207.5 2.03027 0.35364 
0.89110 2.27200 0.90105 2.02659 2.36745 10.80136 6283.9 14226.6 2.02872 0.35319 
0.89144 2.28000 0.90735 2.02713 2.36834 10.79214 6284.0 14245.7 2.02716 0.35273 
0.89178 2.28800 0.91366 2.02766 2.36921 10.78297 6284.0 14264.7 2.02559 0.35228 
0.89212 2.29600 0.91999 2.02817 2.37006 10.77385 6284.1 14283.5 2.02401 0.35183 
0.89245 2.30400 0.92633 2.02866 2.37089 10.76477 6284.1 14302.3 2.02242 0.35138 
0.89278 2.31200 0.93268 2.02915 2.37170 10.75574 6284.1 14321.0 2.02082 0.35094 
0.89311 2.32000 0.93905 2.02962 2.37249 10.74676 6284.1 14339.6 2.01921 0.35050 
0.89344 2.32800 0.94544 2.03008 2.37327 10.73782 6284.1 14358.1 2.01760 0.35006 
0.89376 2.33600 0.95184 2.03053 2.37403 10.72893 6284.2 14376.6 2.01598 0.34963 
0.89408 2.34400 0.95825 2.03097 2.37477 10.72009 6284.3 14394.9 2.01435 0.34920 
0.89440 2.35200 0.96468 2.03139 2.37549 10.71129 6284.4 14413.2 2.01272 0.34877 
0.89471 2.36000 0.97113 2.03181 2.37620 10.70253 6284.5 14431.4 2.01108 0.34835 
0.89502 2.36800 0.97758 2.03221 2.37689 10.69382 6284.6 14449.5 2.00944 0.34793 
0.89533 2.37600 0.98406 2.03259 2.37753 10.68510 6284.6 14467.5 2.00777 0.34752 
0.89564 2.38400 0.99054 2.03297 2.37819 10.67648 6284.7 14485.5 2.00611 0.34711 
0.89595 2.39200 0.99704 2.03333 2.37882 10.66789 6284.7 14503.3 2.00444 0.34670 
0.89625 2.40000 1.00356 2.03369 2.37944 10.65935 6284.7 14521.1 2.00277 0.34629 
0.89655 2.40800 1.01008 2.03404 2.38004 10.65086 6284.7 14538.8 2.00109 0.34588 
0.89685 2.41600 1.01663 2.03437 2.38063 10.64240 6284.7 14556.4 1.99940 0.34547 
0.89715 2.42400 1.02318 2.03470 2.38119 10.63398 6284.7 14574.0 1.99771 0.34507 
0.89744 2.43200 1.02975 2.03501 2.38174 10.62560 6284.7 14591.4 1.99601 0.34467 
0.89773 2.44000 1.03634 2.03531 2.38228 10.61727 6284.6 14608.8 1.99431 0.34427 
0.89802 2.44800 1.04293 2.03560 2.38279 10.60897 6284.5 14626.1 1.99259 0.34387 
0.89831 2.45600 1.04954 2.03589 2.38329 10.60071 6284.4 14643.4 1.99088 0.34347 
0.89859 2.46400 1.05617 2.03616 2.38378 10.59249 6284.2 14660.6 1.98915 0.34307 
0.89887 2.47200 1.06280 2.03642 2.38425 10.58430 6284.1 14677.7 1.98742 0.34268 
0.89915 2.48000 1.06945 2.03667 2.38471 10.57615 6283.9 14694.7 1.98569 0.34228 
0.89943 2.48800 1.07612 2.03691 2.38515 10.56804 6283.7 14711.6 1.98395 0.34189 
0.89971 2.49600 1.08279 2.03715 2.38558 10.55997 6283.5 14728.5 1.98221 0.34150 
0.89998 2.50400 1.08948 2.03737 2.38599 10.55193 6283.3 14745.3 1.98046 0.34111 
0.90025 2.51200 1.09619 2.03746 2.38621 10.54367 6283.1 14762.4 1.97858 0.34075 
0.90051 2.52000 1.10291 2.03767 2.38660 10.53574 6283.1 14779.1 1.97684 0.34038 
0.90078 2.52800 1.10964 2.03787 2.38697 10.52784 6283.0 14795.6 1.97509 0.34001 
0.90104 2.53600 1.11638 2.03806 2.38733 10.51998 6283.0 14812.1 1.97333 0.33964 
0.90129 2.54400 1.12314 2.03824 2.38768 10.51215 6282.9 14828.5 1.97158 0.33927 
0.90155 2.55200 1.12990 2.03842 2.38802 10.50436 6282.9 14844.9 1.96982 0.33891 
0.90180 2.56000 1.13669 2.03859 2.38834 10.49661 6282.8 14861.2 1.96806 0.33855 
0.90206 2.56800 1.14348 2.03875 2.38865 10.48890 6282.8 14877.4 1.96630 0.33819 
0.90230 2.57600 1.15029 2.03890 2.38895 10.48122 6282.7 14893.5 1.96453 0.33783 
0.90255 2.58400 1.15711 2.03904 2.38924 10.47357 6282.6 14909.6 1.96276 0.33748 
0.90280 2.59200 1.16394 2.03918 2.38951 10.46596 6282.6 14925.6 1.96099 0.33713 
0.90304 2.60000 1.17079 2.03930 2.38977 10.45839 6282.5 14941.5 1.95921 0.33678 
0.90328 2.60800 1.17765 2.03943 2.39002 10.45085 6282.5 14957.4 1.95743 0.33643 
0.90352 2.61600 1.18452 2.03954 2.39026 10.44335 6282.4 14973.2 1.95566 0.33608 
0.90376 2.62400 1.19140 2.03965 2.39049 10.43589 6282.4 14989.0 1.95388 0.33574 
0.90400 2.63200 1.19830 2.03975 2.39071 10.42845 6282.4 15004.6 1.95210 0.33540 
0.90423 2.64000 1.20520 2.03984 2.39092 10.42105 6282.3 15020.3 1.95031 0.33506 
0.90446 2.64800 1.21212 2.03992 2.39111 10.41368 6282.3 15035.8 1.94853 0.33472 
0.90469 2.65600 1.21906 2.04000 2.39130 10.40634 6282.2 15051.3 1.94674 0.33439 
0.90492 2.66400 1.22600 2.04007 2.39147 10.39904 6282.2 15066.7 1.94495 0.33405 
0.90515 2.67200 1.23296 2.04014 2.39163 10.39177 6282.1 15082.1 1.94316 0.33372 
0.90538 2.68000 1.23993 2.04020 2.39178 10.38454 6282.1 15097.4 1.94137 0.33339 
0.90560 2.68800 1.24691 2.04025 2.39192 10.37734 6282.1 15112.6 1.93958 0.33307 
0.90582 2.69600 1.25390 2.04029 2.39205 10.37017 6282.0 15127.8 1.93778 0.33274 
0.90604 2.70400 1.26091 2.04033 2.39217 10.36303 6282.0 15142.9 1.93599 0.33242 
0.90626 2.71200 1.26792 2.04037 2.39229 10.35592 6281.9 15157.9 1.93419 0.33210 
0.90648 2.72000 1.27495 2.04039 2.39239 10.34885 6281.9 15172.9 1.93240 0.33178 
0.90669 2.72800 1.28199 2.04041 2.39248 10.34180 6281.9 15187.8 1.93060 0.33146 
0.90691 2.73600 1.28905 2.04029 2.39236 10.33451 6281.8 15203.1 1.92863 0.33116 
0.90712 2.74400 1.29611 2.04029 2.39243 10.32752 6281.8 15217.9 1.92683 0.33085 
0.90733 2.75200 1.30319 2.04030 2.39249 10.32057 6281.7 15232.6 1.92503 0.33054 
0.90754 2.76000 1.31027 2.04029 2.39255 10.31366 6281.7 15247.3 1.92323 0.33023 
0.90775 2.76800 1.31737 2.04029 2.39259 10.30677 6281.7 15262.0 1.92143 0.32992 
0.90795 2.77600 1.32448 2.04027 2.39263 10.29991 6281.7 15276.5 1.91962 0.32961 
0.90816 2.78400 1.33161 2.04025 2.39266 10.29308 6281.6 15291.0 1.91782 0.32931 
0.90836 2.79200 1.33874 2.04023 2.39268 10.28627 6281.6 15305.5 1.91602 0.32901 
0.90856 2.80000 1.34588 2.04020 2.39269 10.27950 6281.6 15319.9 1.91422 0.32871 
0.90876 2.80800 1.35304 2.04016 2.39269 10.27276 6281.6 15334.3 1.91242 0.32841 
0.90896 2.81600 1.36021 2.04012 2.39269 10.26605 6281.6 15348.5 1.91062 0.32811 
0.90916 2.82400 1.36739 2.04008 2.39267 10.25937 6281.6 15362.8 1.90882 0.32782 
0.90936 2.83200 1.37458 2.04002 2.39264 10.25269 6281.4 15377.0 1.90701 0.32751 
0.90956 2.84000 1.38178 2.03997 2.39261 10.24607 6281.4 15391.1 1.90521 0.32722 
0.90975 2.84800 1.38899 2.03991 2.39257 10.23947 6281.4 15405.2 1.90341 0.32693 
0.90994 2.85600 1.39621 2.03984 2.39253 10.23290 6281.4 15419.2 1.90161 0.32664 
0.91013 2.86400 1.40345 2.03977 2.39248 10.22638 6281.6 15433.1 1.89982 0.32636 
0.91032 2.87200 1.41069 2.03970 2.39242 10.21986 6281.6 15447.0 1.89802 0.32608 
0.91050 2.88000 1.41795 2.03962 2.39235 10.21338 6281.5 15460.9 1.89622 0.32580 
0.91069 2.88800 1.42521 2.03954 2.39227 10.20692 6281.6 15474.7 1.89443 0.32551 
0.91088 2.89600 1.43249 2.03945 2.39219 10.20048 6281.6 15488.4 1.89263 0.32523 
0.91106 2.90400 1.43978 2.03936 2.39210 10.19408 6281.6 15502.1 1.89084 0.32496 
0.91124 2.91200 1.44708 2.03926 2.39200 10.18770 6281.5 15515.8 1.88904 0.32468 
0.91143 2.92000 1.45439 2.03916 2.39189 10.18135 6281.6 15529.4 1.88725 0.32440 
0.91161 2.92800 1.46171 2.03905 2.39178 10.17503 6281.6 15542.9 1.88545 0.32413 
0.91178 2.93600 1.46904 2.03894 2.39166 10.16873 6281.6 15556.4 1.88366 0.32385 
0.91196 2.94400 1.47638 2.03882 2.39153 10.16246 6281.6 15569.8 1.88187 0.32358 
0.91214 2.95200 1.48373 2.03871 2.39140 10.15621 6281.6 15583.2 1.88008 0.32331 
0.91231 2.96000 1.49109 2.03858 2.39126 10.14999 6281.6 15596.5 1.87829 0.32305 
0.91249 2.96800 1.49846 2.03846 2.39111 10.14380 6281.6 15609.8 1.87650 0.32278 
0.91266 2.97600 1.50585 2.03833 2.39096 10.13763 6281.7 15623.0 1.87472 0.32251 
0.91283 2.98400 1.51324 2.03819 2.39080 10.13149 6281.7 15636.2 1.87293 0.32225 
0.91300 2.99200 1.52064 2.03806 2.39064 10.12538 6281.8 15649.4 1.87115 0.32199 
0.91317 3.00000 1.52806 2.03791 2.39047 10.11929 6281.8 15662.4 1.86937 0.32173 
0.91334 3.00800 1.53548 2.03777 2.39029 10.11322 6281.8 15675.5 1.86759 0.32147 
0.91351 3.01600 1.54292 2.03762 2.39011 10.10717 6281.8 15688.5 1.86581 0.32121 
0.91368 3.02400 1.55036 2.03746 2.38992 10.10115 6281.8 15701.4 1.86403 0.32096 
0.91385 3.03200 1.55781 2.03730 2.38972 10.09514 6281.6 15714.4 1.86224 0.32069 
0.91400 3.04000 1.56528 2.03715 2.38952 10.08919 6281.9 15727.2 1.86048 0.32045 
0.91417 3.04800 1.57275 2.03698 2.38931 10.08324 6281.9 15740.0 1.85871 0.32019 
0.91433 3.05600 1.58024 2.03682 2.38910 10.07732 6281.9 15752.7 1.85693 0.31994 
0.91449 3.06400 1.58773 2.03665 2.38888 10.07142 6281.9 15765.4 1.85516 0.31969 
0.91465 3.07200 1.59524 2.03647 2.38865 10.06555 6282.0 15778.1 1.85340 0.31944 
0.91481 3.08000 1.60275 2.03630 2.38843 10.05970 6282.0 15790.7 1.85163 0.31920 
0.91497 3.08800 1.61027 2.03612 2.38819 10.05387 6282.0 15803.3 1.84987 0.31895 
0.91513 3.09600 1.61781 2.03593 2.38795 10.04806 6282.1 15815.8 1.84810 0.31870 
0.91528 3.10400 1.62535 2.03575 2.38771 10.04228 6282.1 15828.3 1.84634 0.31846 
0.91544 3.11200 1.63290 2.03556 2.38746 10.03652 6282.1 15840.7 1.84458 0.31822 
0.91559 3.12000 1.64047 2.03537 2.38720 10.03078 6282.1 15853.1 1.84283 0.31798 
0.91574 3.12800 1.64804 2.03517 2.38694 10.02507 6282.2 15865.5 1.84107 0.31774 
0.91590 3.13600 1.65562 2.03497 2.38667 10.01937 6282.2 15877.8 1.83932 0.31750 
0.91605 3.14400 1.66321 2.03477 2.38640 10.01371 6282.3 15890.0 1.83757 0.31726 
0.91620 3.15200 1.67081 2.03457 2.38613 10.00806 6282.3 15902.3 1.83582 0.31702 
0.91635 3.16000 1.67843 2.03436 2.38585 10.00243 6282.3 15914.4 1.83407 0.31679 
0.91649 3.16800 1.68605 2.03415 2.38556 9.99683 6282.3 15926.6 1.83232 0.31655 
0.91664 3.17600 1.69367 2.03393 2.38527 9.99125 6282.3 15938.7 1.83058 0.31632 
0.91679 3.18400 1.70131 2.03372 2.38497 9.98569 6282.4 15950.7 1.82884 0.31608 
0.91693 3.19200 1.70896 2.03350 2.38467 9.98015 6282.4 15962.7 1.82710 0.31585 
0.91708 3.20000 1.71662 2.03328 2.38437 9.97463 6282.4 15974.7 1.82536 0.31562 
0.91722 3.20800 1.72429 2.03305 2.38406 9.96913 6282.4 15986.6 1.82363 0.31539 
0.91737 3.21600 1.73196 2.03283 2.38375 9.96366 6282.4 15998.5 1.82190 0.31517 
0.91751 3.22400 1.73965 2.03260 2.38343 9.95821 6282.5 16010.3 1.82017 0.31494 
0.91765 3.23200 1.74734 2.03237 2.38311 9.95277 6282.5 16022.1 1.81844 0.31471 
0.91779 3.24000 1.75505 2.03213 2.38278 9.94736 6282.5 16033.9 1.81671 0.31449 
0.91793 3.24800 1.76276 2.03190 2.38245 9.94197 6282.6 16045.6 1.81499 0.31426 
0.91807 3.25600 1.77048 2.03166 2.38212 9.93660 6282.6 16057.3 1.81327 0.31404 
0.91821 3.26400 1.77821 2.03142 2.38178 9.93125 6282.6 16068.9 1.81155 0.31382 
0.91834 3.27200 1.78595 2.03118 2.38144 9.92592 6282.7 16080.5 1.80984 0.31360 
0.91848 3.28000 1.79370 2.03093 2.38110 9.92061 6282.7 16092.0 1.80813 0.31338 
0.91862 3.28800 1.80146 2.03068 2.38075 9.91532 6282.7 16103.5 1.80641 0.31316 
0.91875 3.29600 1.80922 2.03043 2.38040 9.91005 6282.8 16115.0 1.80471 0.31295 
0.91888 3.30400 1.81700 2.03018 2.38004 9.90480 6282.8 16126.4 1.80300 0.31273 
0.91902 3.31200 1.82478 2.02993 2.37968 9.89957 6282.9 16137.8 1.80130 0.31251 
0.91915 3.32000 1.83257 2.02967 2.37932 9.89436 6282.9 16149.2 1.79960 0.31230 
0.91928 3.32800 1.84038 2.02941 2.37895 9.88917 6283.0 16160.5 1.79790 0.31209 
0.91941 3.33600 1.84819 2.02915 2.37858 9.88400 6283.0 16171.8 1.79621 0.31188 
0.91954 3.34400 1.85600 2.02889 2.37820 9.87885 6283.1 16183.0 1.79452 0.31167 
0.91967 3.35200 1.86383 2.02863 2.37783 9.87372 6283.1 16194.2 1.79283 0.31146 
0.91983 3.36000 1.87167 2.02834 2.37742 9.86849 6281.9 16205.7 1.79108 0.31118 
0.91996 3.36800 1.87951 2.02807 2.37703 9.86339 6281.9 16216.8 1.78940 0.31097 
0.92006 3.37600 1.88737 2.02782 2.37667 9.85844 6283.2 16227.6 1.78778 0.31083 
0.92018 3.38400 1.89523 2.02736 2.37600 9.85304 6283.2 16239.2 1.78589 0.31064 
0.92031 3.39200 1.90310 2.02709 2.37560 9.84801 6283.2 16250.2 1.78422 0.31043 
0.92044 3.40000 1.91098 2.02681 2.37521 9.84299 6283.2 16261.1 1.78255 0.31023 
0.92056 3.40800 1.91886 2.02654 2.37481 9.83800 6283.2 16272.1 1.78088 0.31002 
0.92068 3.41600 1.92676 2.02646 2.37470 9.83338 6283.5 16282.5 1.77944 0.30981 
0.92080 3.42400 1.93466 2.02618 2.37429 9.82842 6283.6 16293.3 1.77778 0.30961 
0.92092 3.43200 1.94258 2.02589 2.37388 9.82347 6283.6 16304.2 1.77611 0.30941 
0.92105 3.44000 1.95050 2.02542 2.37319 9.81819 6283.2 16315.5 1.77423 0.30920 
0.92118 3.44800 1.95842 2.02514 2.37278 9.81328 6283.2 16326.2 1.77258 0.30900 
0.92130 3.45600 1.96636 2.02485 2.37236 9.80840 6283.2 16337.0 1.77093 0.30880 
0.92142 3.46400 1.97431 2.02457 2.37194 9.80353 6283.2 16347.7 1.76928 0.30860 
0.92153 3.47200 1.98226 2.02428 2.37152 9.79867 6283.3 16358.3 1.76763 0.30841 
0.92165 3.48000 1.99022 2.02399 2.37110 9.79384 6283.3 16368.9 1.76599 0.30821 
0.92177 3.48800 1.99819 2.02370 2.37067 9.78902 6283.3 16379.5 1.76435 0.30801 
0.92189 3.49600 2.00617 2.02340 2.37024 9.78422 6283.3 16390.1 1.76271 0.30781 
0.92199 3.50400 2.01415 2.02317 2.36990 9.77956 6283.8 16400.4 1.76118 0.30764 
0.92211 3.51200 2.02215 2.02288 2.36947 9.77480 6283.8 16410.9 1.75955 0.30745 
0.92222 3.52000 2.03015 2.02258 2.36903 9.77005 6283.8 16421.3 1.75792 0.30725 
0.92234 3.52800 2.03816 2.02228 2.36860 9.76532 6283.8 16431.7 1.75630 0.30706 
0.92246 3.53600 2.04617 2.02191 2.36805 9.76046 6283.4 16442.3 1.75454 0.30685 
0.92257 3.54400 2.05420 2.02161 2.36760 9.75576 6283.4 16452.7 1.75292 0.30666 
0.92268 3.55200 2.06223 2.02131 2.36716 9.75108 6283.4 16463.0 1.75130 0.30646 
0.92280 3.56000 2.07027 2.02100 2.36671 9.74641 6283.4 16473.3 1.74969 0.30627 
0.92291 3.56800 2.07832 2.02070 2.36625 9.74176 6283.4 16483.5 1.74807 0.30608 
0.92302 3.57600 2.08638 2.02039 2.36580 9.73712 6283.4 16493.8 1.74647 0.30589 
0.92313 3.58400 2.09444 2.02008 2.36535 9.73250 6283.4 16503.9 1.74486 0.30571 
0.92324 3.59200 2.10251 2.01978 2.36489 9.72790 6283.4 16514.1 1.74326 0.30552 
0.92335 3.60000 2.11059 2.01947 2.36443 9.72331 6283.4 16524.2 1.74166 0.30533 
0.92346 3.60800 2.11868 2.01915 2.36396 9.71874 6283.4 16534.3 1.74006 0.30514 
0.92357 3.61600 2.12677 2.01884 2.36350 9.71419 6283.3 16544.4 1.73846 0.30496 
0.92367 3.62400 2.13487 2.01853 2.36303 9.70965 6283.3 16554.4 1.73687 0.30477 
0.92378 3.63200 2.14298 2.01821 2.36256 9.70513 6283.3 16564.4 1.73528 0.30459 
0.92389 3.64000 2.15110 2.01790 2.36209 9.70062 6283.3 16574.4 1.73370 0.30440 
0.92399 3.64800 2.15923 2.01758 2.36162 9.69613 6283.3 16584.3 1.73212 0.30422 
0.92410 3.65600 2.16736 2.01726 2.36114 9.69166 6283.3 16594.2 1.73054 0.30404 
0.92420 3.66400 2.17550 2.01694 2.36067 9.68720 6283.3 16604.1 1.72896 0.30386 
0.92431 3.67200 2.18365 2.01662 2.36019 9.68276 6283.2 16613.9 1.72739 0.30368 
0.92441 3.68000 2.19180 2.01624 2.35963 9.67823 6283.2 16623.9 1.72577 0.30351 
0.92451 3.68800 2.19996 2.01593 2.35915 9.67382 6283.2 16633.6 1.72420 0.30332 
0.92461 3.69600 2.20813 2.01562 2.35870 9.66944 6283.2 16643.4 1.72267 0.30315 
0.92472 3.70400 2.21631 2.01515 2.35799 9.66479 6283.4 16653.5 1.72086 0.30298 
0.92482 3.71200 2.22449 2.01472 2.35735 9.66022 6283.6 16663.5 1.71915 0.30282 
0.92492 3.72000 2.23268 2.01451 2.35703 9.65610 6283.4 16672.7 1.71773 0.30262 
0.92502 3.72800 2.24088 2.01440 2.35686 9.65217 6283.1 16681.8 1.71658 0.30243 
0.92512 3.73600 2.24909 2.01415 2.35647 9.64801 6282.9 16691.1 1.71514 0.30225 
0.92522 3.74400 2.25730 2.01390 2.35609 9.64385 6282.8 16700.4 1.71370 0.30207 
0.92532 3.75200 2.26552 2.01348 2.35548 9.63936 6283.0 16710.3 1.71202 0.30190 
0.92542 3.76000 2.27375 2.01317 2.35501 9.63512 6283.0 16719.8 1.71051 0.30173 
0.92551 3.76800 2.28198 2.01286 2.35454 9.63090 6282.9 16729.2 1.70900 0.30155 
0.92561 3.77600 2.29022 2.01255 2.35407 9.62669 6282.9 16738.6 1.70750 0.30138 
0.92571 3.78400 2.29847 2.01224 2.35360 9.62249 6282.9 16747.9 1.70600 0.30121 
0.92580 3.79200 2.30673 2.01193 2.35313 9.61832 6282.9 16757.2 1.70451 0.30104 
0.92590 3.80000 2.31499 2.01139 2.35232 9.61373 6283.1 16767.2 1.70268 0.30088 
0.92599 3.80800 2.32326 2.01105 2.35181 9.60953 6283.0 16776.5 1.70116 0.30071 
0.92609 3.81600 2.33154 2.01072 2.35130 9.60536 6283.0 16785.8 1.69964 0.30055 
0.92618 3.82400 2.33982 2.01038 2.35079 9.60119 6283.0 16795.1 1.69813 0.30038 
0.92628 3.83200 2.34811 2.01004 2.35028 9.59704 6283.0 16804.3 1.69662 0.30021 
0.92637 3.84000 2.35641 2.00962 2.34964 9.59281 6282.8 16813.6 1.69498 0.30004 
0.92647 3.84800 2.36471 2.00927 2.34911 9.58867 6282.8 16822.8 1.69346 0.29987 
0.92656 3.85600 2.37302 2.00932 2.34919 9.58519 6282.7 16831.2 1.69251 0.29969 
0.92665 3.86400 2.38134 2.00899 2.34869 9.58111 6282.7 16840.3 1.69103 0.29952 
0.92674 3.87200 2.38966 2.00866 2.34819 9.57705 6282.7 16849.4 1.68954 0.29936 
0.92683 3.88000 2.39800 2.00802 2.34722 9.57245 6282.9 16859.2 1.68763 0.29922 
0.92692 3.88800 2.40633 2.00768 2.34670 9.56840 6282.8 16868.3 1.68614 0.29905 
0.92701 3.89600 2.41468 2.00734 2.34618 9.56436 6282.8 16877.3 1.68466 0.29889 
0.92710 3.90400 2.42303 2.00700 2.34566 9.56034 6282.8 16886.3 1.68318 0.29873 
0.92719 3.91200 2.43139 2.00666 2.34514 9.55633 6282.8 16895.2 1.68171 0.29857 
0.92728 3.92000 2.43975 2.00632 2.34462 9.55234 6282.8 16904.2 1.68024 0.29841 
0.92737 3.92800 2.44812 2.00596 2.34407 9.54832 6282.8 16913.1 1.67873 0.29825 
0.92746 3.93600 2.45650 2.00561 2.34355 9.54435 6282.7 16922.0 1.67726 0.29809 
0.92755 3.94400 2.46489 2.00527 2.34302 9.54039 6282.7 16930.9 1.67580 0.29793 
0.92763 3.95200 2.47328 2.00494 2.34252 9.53648 6282.7 16939.7 1.67437 0.29777 
0.92772 3.96000 2.48168 2.00460 2.34200 9.53255 6282.7 16948.5 1.67291 0.29761 
0.92781 3.96800 2.49008 2.00425 2.34147 9.52863 6282.7 16957.2 1.67146 0.29746 
0.92789 3.97600 2.49849 2.00391 2.34095 9.52473 6282.6 16966.0 1.67001 0.29730 
0.92798 3.98400 2.50691 2.00312 2.33974 9.52011 6282.8 16975.7 1.66791 0.29716 
0.92806 3.99200 2.51533 2.00291 2.33941 9.51641 6282.8 16984.2 1.66662 0.29700 