ratio e_15 p_15 M M_0 r_star spin Omega_K I J/M^2 
0.97540 0.50000 0.02299 0.54255 0.55827 12.71569 1184.6 5913.7 0.38578 0.17665 
0.97491 0.50800 0.02402 0.55719 0.57399 12.67452 1204.3 6023.4 0.40022 0.17664 
0.97474 0.51600 0.02507 0.57207 0.59002 12.63469 1225.1 6131.8 0.41476 0.17667 
0.97494 0.52400 0.02616 0.58684 0.60593 12.59952 1246.7 6234.8 0.42886 0.17665 
0.97501 0.53200 0.02727 0.60141 0.62165 12.56846 1266.9 6334.3 0.44293 0.17654 
0.97481 0.54000 0.02842 0.61600 0.63742 12.53928 1285.8 6433.3 0.45744 0.17638 
0.97458 0.54800 0.02959 0.63080 0.65348 12.51224 1303.4 6531.2 0.47246 0.17609 
0.97453 0.55600 0.03079 0.64554 0.66949 12.48597 1322.0 6627.2 0.48726 0.17588 
0.97461 0.56400 0.03201 0.66018 0.68543 12.46163 1341.1 6720.3 0.50186 0.17571 
0.97466 0.57200 0.03327 0.67475 0.70130 12.43947 1359.7 6811.3 0.51649 0.17552 
0.97450 0.58000 0.03455 0.68937 0.71728 12.41908 1376.9 6901.8 0.53161 0.17526 
0.97415 0.58800 0.03587 0.70419 0.73355 12.39958 1393.0 6992.9 0.54747 0.17498 
0.97382 0.59600 0.03721 0.71911 0.74998 12.38019 1408.6 7083.6 0.56361 0.17469 
0.97374 0.60400 0.03858 0.73393 0.76633 12.36094 1424.8 7172.0 0.57935 0.17437 
0.97385 0.61200 0.03999 0.74864 0.78258 12.34246 1441.8 7258.1 0.59475 0.17409 
0.97402 0.62000 0.04142 0.76323 0.79872 12.32546 1459.9 7342.0 0.60999 0.17395 
0.97411 0.62800 0.04288 0.77770 0.81476 12.30997 1477.5 7424.1 0.62527 0.17381 
0.97408 0.63600 0.04437 0.79208 0.83073 12.29569 1494.0 7504.8 0.64068 0.17359 
0.97395 0.64400 0.04589 0.80647 0.84675 12.28212 1509.3 7585.0 0.65639 0.17332 
0.97379 0.65200 0.04744 0.82084 0.86280 12.26896 1524.0 7664.5 0.67227 0.17302 
0.97367 0.66000 0.04902 0.83517 0.87884 12.25602 1538.6 7742.9 0.68814 0.17272 
0.97361 0.66800 0.05063 0.84939 0.89479 12.24333 1553.1 7819.8 0.70386 0.17241 
0.97361 0.67600 0.05227 0.86351 0.91066 12.23098 1567.6 7895.4 0.71944 0.17210 
0.97364 0.68400 0.05393 0.87754 0.92646 12.21902 1582.1 7969.8 0.73492 0.17180 
0.97368 0.69200 0.05563 0.89148 0.94219 12.20756 1596.9 8043.0 0.75035 0.17156 
0.97372 0.70000 0.05736 0.90531 0.95782 12.19657 1611.8 8114.8 0.76569 0.17134 
0.97372 0.70800 0.05912 0.91903 0.97336 12.18608 1626.4 8185.6 0.78103 0.17113 
0.97367 0.71600 0.06091 0.93268 0.98887 12.17606 1640.4 8255.8 0.79648 0.17090 
0.97352 0.72400 0.06273 0.94634 1.00443 12.16646 1653.6 8326.0 0.81226 0.17065 
0.97332 0.73200 0.06458 0.95999 1.02004 12.15704 1666.4 8395.8 0.82827 0.17041 
0.97311 0.74000 0.06645 0.97360 1.03565 12.14768 1678.8 8465.1 0.84439 0.17016 
0.97297 0.74800 0.06836 0.98707 1.05114 12.13804 1691.2 8533.1 0.86027 0.16991 
0.97288 0.75600 0.07030 1.00041 1.06649 12.12830 1703.7 8599.9 0.87591 0.16966 
0.97284 0.76400 0.07227 1.01361 1.08172 12.11852 1716.1 8665.8 0.89131 0.16940 
0.97285 0.77200 0.07427 1.02668 1.09683 12.10872 1728.2 8730.7 0.90650 0.16912 
0.97287 0.78000 0.07630 1.03963 1.11183 12.09897 1740.1 8794.9 0.92156 0.16882 
0.97293 0.78800 0.07836 1.05247 1.12674 12.08928 1752.0 8858.3 0.93648 0.16853 
0.97301 0.79600 0.08045 1.06519 1.14155 12.07968 1764.0 8920.8 0.95125 0.16828 
0.97309 0.80400 0.08257 1.07781 1.15625 12.07033 1776.9 8982.4 0.96592 0.16811 
0.97316 0.81200 0.08471 1.09027 1.17081 12.06113 1790.1 9043.1 0.98041 0.16800 
0.97322 0.82000 0.08689 1.10262 1.18525 12.05218 1803.2 9102.8 0.99483 0.16789 
0.97324 0.82800 0.08910 1.11484 1.19957 12.04345 1816.1 9161.8 1.00918 0.16779 
0.97325 0.83600 0.09134 1.12691 1.21375 12.03473 1828.2 9220.2 1.02339 0.16764 
0.97323 0.84400 0.09361 1.13888 1.22785 12.02613 1839.9 9278.1 1.03759 0.16747 
0.97319 0.85200 0.09591 1.15075 1.24186 12.01758 1851.2 9335.6 1.05176 0.16730 
0.97314 0.86000 0.09824 1.16251 1.25578 12.00904 1862.2 9392.5 1.06588 0.16711 
0.97308 0.86800 0.10060 1.17417 1.26961 12.00050 1873.0 9448.9 1.07992 0.16694 
0.97304 0.87600 0.10298 1.18571 1.28333 11.99189 1883.7 9504.6 1.09383 0.16676 
0.97301 0.88400 0.10540 1.19712 1.29691 11.98321 1894.4 9559.6 1.10755 0.16659 
0.97299 0.89200 0.10785 1.20839 1.31037 11.97447 1905.0 9614.0 1.12110 0.16643 
0.97297 0.90000 0.11033 1.21954 1.32370 11.96569 1915.5 9667.7 1.13449 0.16626 
0.97297 0.90800 0.11283 1.23056 1.33690 11.95687 1925.9 9720.9 1.14771 0.16610 
0.97296 0.91600 0.11537 1.24145 1.34997 11.94804 1936.3 9773.5 1.16078 0.16594 
0.97296 0.92400 0.11794 1.25222 1.36293 11.93918 1946.4 9825.6 1.17371 0.16578 
0.97296 0.93200 0.12053 1.26288 1.37577 11.93030 1956.5 9877.2 1.18649 0.16562 
0.97297 0.94000 0.12316 1.27341 1.38849 11.92139 1966.5 9928.2 1.19913 0.16547 
0.97297 0.94800 0.12581 1.28382 1.40109 11.91245 1976.3 9978.8 1.21162 0.16531 
0.97298 0.95600 0.12849 1.29411 1.41357 11.90348 1986.0 10028.9 1.22396 0.16516 
0.97299 0.96400 0.13121 1.30428 1.42593 11.89447 1995.6 10078.5 1.23616 0.16501 
0.97301 0.97200 0.13395 1.31433 1.43817 11.88544 2005.2 10127.6 1.24821 0.16486 
0.97302 0.98000 0.13672 1.32426 1.45030 11.87639 2014.6 10176.3 1.26013 0.16472 
0.97304 0.98800 0.13952 1.33408 1.46231 11.86732 2024.1 10224.5 1.27190 0.16459 
0.97306 0.99600 0.14235 1.34379 1.47420 11.85826 2033.7 10272.2 1.28354 0.16449 
0.97307 1.00400 0.14520 1.35338 1.48597 11.84918 2043.4 10319.4 1.29503 0.16439 
0.97308 1.01200 0.14809 1.36284 1.49761 11.84007 2052.9 10366.2 1.30637 0.16430 
0.97310 1.02000 0.15100 1.37219 1.50913 11.83094 2062.5 10412.5 1.31755 0.16422 
0.97311 1.02800 0.15395 1.38142 1.52052 11.82180 2072.0 10458.4 1.32858 0.16414 
0.97311 1.03600 0.15692 1.39054 1.53179 11.81265 2081.4 10503.9 1.33947 0.16406 
0.97312 1.04400 0.15992 1.39954 1.54295 11.80346 2090.6 10549.0 1.35023 0.16398 
0.97312 1.05200 0.16295 1.40843 1.55399 11.79427 2099.5 10593.8 1.36086 0.16389 
0.97310 1.06000 0.16601 1.41723 1.56493 11.78512 2108.5 10638.3 1.37142 0.16381 
0.97307 1.06800 0.16909 1.42593 1.57580 11.77600 2117.1 10682.6 1.38192 0.16373 
0.97304 1.07600 0.17220 1.43454 1.58657 11.76688 2125.6 10726.7 1.39234 0.16364 
0.97300 1.08400 0.17535 1.44305 1.59724 11.75775 2134.0 10770.4 1.40267 0.16356 
0.97295 1.09200 0.17852 1.45146 1.60782 11.74861 2142.4 10813.8 1.41290 0.16348 
0.97291 1.10000 0.18171 1.45978 1.61830 11.73943 2150.6 10856.9 1.42303 0.16341 
0.97286 1.10800 0.18494 1.46799 1.62867 11.73021 2158.7 10899.6 1.43303 0.16334 
0.97283 1.11600 0.18819 1.47609 1.63892 11.72089 2166.8 10941.9 1.44284 0.16326 
0.97281 1.12400 0.19147 1.48408 1.64904 11.71149 2174.8 10983.7 1.45247 0.16319 
0.97279 1.13200 0.19478 1.49196 1.65904 11.70203 2182.9 11025.2 1.46192 0.16313 
0.97278 1.14000 0.19812 1.49973 1.66891 11.69252 2190.9 11066.2 1.47119 0.16306 
0.97278 1.14800 0.20148 1.50739 1.67867 11.68297 2198.9 11106.9 1.48030 0.16300 
0.97278 1.15600 0.20487 1.51494 1.68830 11.67337 2206.8 11147.3 1.48923 0.16294 
0.97278 1.16400 0.20829 1.52239 1.69782 11.66374 2214.7 11187.3 1.49801 0.16288 
0.97279 1.17200 0.21173 1.52973 1.70722 11.65409 2222.6 11226.9 1.50663 0.16283 
0.97280 1.18000 0.21520 1.53698 1.71651 11.64443 2230.5 11266.3 1.51510 0.16278 
0.97281 1.18800 0.21870 1.54413 1.72569 11.63475 2238.3 11305.4 1.52343 0.16272 
0.97282 1.19600 0.22223 1.55118 1.73476 11.62504 2245.9 11344.1 1.53162 0.16267 
0.97284 1.20400 0.22578 1.55813 1.74372 11.61533 2253.6 11382.6 1.53966 0.16262 
0.97285 1.21200 0.22936 1.56499 1.75257 11.60560 2261.2 11420.7 1.54756 0.16258 
0.97287 1.22000 0.23296 1.57175 1.76131 11.59586 2268.8 11458.6 1.55532 0.16253 
0.97289 1.22800 0.23659 1.57842 1.76995 11.58610 2276.3 11496.2 1.56295 0.16249 
0.97291 1.23600 0.24025 1.58500 1.77848 11.57634 2283.8 11533.4 1.57043 0.16244 
0.97293 1.24400 0.24393 1.59148 1.78691 11.56656 2291.2 11570.4 1.57778 0.16240 
0.97295 1.25200 0.24764 1.59788 1.79523 11.55678 2298.6 11607.2 1.58499 0.16236 
0.97298 1.26000 0.25138 1.60418 1.80344 11.54699 2305.9 11643.6 1.59208 0.16233 
0.97300 1.26800 0.25514 1.61040 1.81156 11.53719 2313.2 11679.8 1.59903 0.16229 
0.97303 1.27600 0.25893 1.61652 1.81957 11.52739 2320.5 11715.7 1.60585 0.16226 
0.97305 1.28400 0.26274 1.62257 1.82749 11.51758 2327.7 11751.3 1.61254 0.16223 
0.97308 1.29200 0.26658 1.62852 1.83530 11.50777 2334.9 11786.7 1.61910 0.16220 
0.97311 1.30000 0.27045 1.63440 1.84302 11.49797 2342.0 11821.8 1.62554 0.16217 
0.97313 1.30800 0.27434 1.64018 1.85063 11.48816 2349.1 11856.6 1.63186 0.16214 
0.97316 1.31600 0.27825 1.64589 1.85815 11.47835 2356.2 11891.2 1.63805 0.16211 
0.97319 1.32400 0.28220 1.65151 1.86557 11.46855 2363.2 11925.6 1.64412 0.16209 
0.97322 1.33200 0.28616 1.65706 1.87290 11.45874 2370.1 11959.7 1.65007 0.16206 
0.97325 1.34000 0.29015 1.66252 1.88013 11.44894 2377.1 11993.6 1.65590 0.16204 
0.97329 1.34800 0.29417 1.66791 1.88727 11.43914 2383.9 12027.2 1.66162 0.16202 
0.97332 1.35600 0.29821 1.67321 1.89432 11.42934 2390.7 12060.6 1.66722 0.16199 
0.97335 1.36400 0.30227 1.67845 1.90128 11.41955 2397.4 12093.8 1.67271 0.16197 
0.97339 1.37200 0.30636 1.68360 1.90814 11.40977 2404.1 12126.7 1.67808 0.16195 
0.97342 1.38000 0.31048 1.68869 1.91492 11.39999 2410.8 12159.4 1.68335 0.16193 
0.97346 1.38800 0.31462 1.69370 1.92161 11.39022 2417.5 12191.9 1.68851 0.16191 
0.97350 1.39600 0.31878 1.69863 1.92821 11.38046 2424.1 12224.1 1.69356 0.16190 
0.97353 1.40400 0.32297 1.70350 1.93473 11.37072 2430.7 12256.2 1.69850 0.16188 
0.97357 1.41200 0.32718 1.70829 1.94116 11.36098 2437.3 12288.0 1.70335 0.16187 
0.97361 1.42000 0.33142 1.71302 1.94751 11.35127 2443.9 12319.6 1.70809 0.16187 
0.97365 1.42800 0.33568 1.71768 1.95377 11.34157 2450.6 12351.0 1.71273 0.16187 
0.97368 1.43600 0.33996 1.72227 1.95996 11.33189 2457.3 12382.2 1.71728 0.16187 
0.97372 1.44400 0.34427 1.72680 1.96605 11.32224 2463.9 12413.1 1.72173 0.16188 
0.97375 1.45200 0.34860 1.73126 1.97207 11.31260 2470.6 12443.8 1.72609 0.16189 
0.97379 1.46000 0.35296 1.73565 1.97801 11.30298 2477.2 12474.4 1.73035 0.16191 
0.97382 1.46800 0.35734 1.73998 1.98387 11.29338 2483.9 12504.7 1.73452 0.16192 
0.97385 1.47600 0.36174 1.74424 1.98964 11.28380 2490.4 12534.8 1.73860 0.16194 
0.97388 1.48400 0.36617 1.74844 1.99534 11.27423 2497.0 12564.8 1.74259 0.16195 
0.97391 1.49200 0.37061 1.75258 2.00096 11.26469 2503.5 12594.5 1.74648 0.16197 
0.97393 1.50000 0.37509 1.75666 2.00650 11.25517 2509.9 12624.0 1.75029 0.16199 
0.97396 1.50800 0.37958 1.76068 2.01197 11.24566 2516.4 12653.4 1.75402 0.16201 
0.97399 1.51600 0.38410 1.76463 2.01736 11.23617 2522.7 12682.5 1.75765 0.16202 
0.97401 1.52400 0.38864 1.76853 2.02267 11.22670 2528.9 12711.5 1.76119 0.16203 
0.97404 1.53200 0.39320 1.77236 2.02791 11.21724 2535.1 12740.3 1.76465 0.16204 
0.97406 1.54000 0.39779 1.77614 2.03308 11.20779 2541.1 12768.9 1.76803 0.16205 
0.97408 1.54800 0.40239 1.77986 2.03817 11.19837 2547.2 12797.4 1.77132 0.16206 
0.97411 1.55600 0.40702 1.78353 2.04320 11.18896 2553.2 12825.7 1.77453 0.16207 
0.97413 1.56400 0.41168 1.78714 2.04815 11.17957 2559.1 12853.8 1.77767 0.16207 
0.97415 1.57200 0.41635 1.79070 2.05304 11.17021 2565.0 12881.7 1.78072 0.16208 
0.97418 1.58000 0.42105 1.79420 2.05786 11.16086 2570.9 12909.5 1.78370 0.16209 
0.97420 1.58800 0.42577 1.79765 2.06261 11.15154 2576.7 12937.1 1.78661 0.16209 
0.97422 1.59600 0.43051 1.80105 2.06730 11.14223 2582.4 12964.6 1.78944 0.16210 
0.97424 1.60400 0.43527 1.80440 2.07193 11.13295 2588.1 12991.9 1.79221 0.16211 
0.97426 1.61200 0.44005 1.80770 2.07649 11.12369 2593.8 13019.0 1.79490 0.16211 
0.97429 1.62000 0.44486 1.81095 2.08098 11.11445 2599.5 13046.0 1.79752 0.16212 
0.97431 1.62800 0.44969 1.81416 2.08542 11.10524 2605.1 13072.8 1.80008 0.16212 
0.97432 1.63600 0.45454 1.81731 2.08980 11.09606 2610.6 13099.5 1.80258 0.16213 
0.97434 1.64400 0.45941 1.82042 2.09412 11.08691 2616.2 13126.1 1.80501 0.16214 
0.97436 1.65200 0.46430 1.82349 2.09839 11.07778 2621.7 13152.5 1.80739 0.16215 
0.97437 1.66000 0.46921 1.82651 2.10259 11.06868 2627.2 13178.7 1.80970 0.16216 
0.97439 1.66800 0.47414 1.82948 2.10674 11.05960 2632.6 13204.9 1.81196 0.16217 
0.97440 1.67600 0.47910 1.83241 2.11083 11.05055 2638.0 13230.8 1.81415 0.16218 
0.97442 1.68400 0.48408 1.83530 2.11486 11.04152 2643.4 13256.7 1.81629 0.16219 
0.97443 1.69200 0.48907 1.83815 2.11885 11.03252 2648.7 13282.4 1.81837 0.16220 
0.97445 1.70000 0.49409 1.84095 2.12277 11.02354 2654.0 13307.9 1.82039 0.16220 
0.97446 1.70800 0.49913 1.84368 2.12661 11.01454 2659.3 13333.4 1.82229 0.16222 
0.97447 1.71600 0.50419 1.84640 2.13043 11.00561 2664.5 13358.6 1.82420 0.16223 
0.97448 1.72400 0.50927 1.84908 2.13419 10.99671 2669.7 13383.8 1.82605 0.16224 
0.97450 1.73200 0.51436 1.85172 2.13791 10.98783 2674.8 13408.7 1.82785 0.16225 
0.97451 1.74000 0.51948 1.85431 2.14157 10.97897 2680.0 13433.6 1.82959 0.16226 
0.97452 1.74800 0.52462 1.85687 2.14518 10.97014 2685.1 13458.3 1.83128 0.16227 
0.97453 1.75600 0.52978 1.85939 2.14873 10.96134 2690.1 13482.9 1.83291 0.16228 
0.97454 1.76400 0.53496 1.86187 2.15224 10.95255 2695.2 13507.3 1.83449 0.16229 
0.97455 1.77200 0.54016 1.86431 2.15569 10.94379 2700.2 13531.6 1.83601 0.16230 
0.97457 1.78000 0.54538 1.86671 2.15910 10.93505 2705.2 13555.7 1.83747 0.16231 
0.97458 1.78800 0.55062 1.86908 2.16245 10.92633 2710.1 13579.8 1.83889 0.16232 
0.97459 1.79600 0.55588 1.87141 2.16576 10.91764 2715.1 13603.6 1.84025 0.16233 
0.97461 1.80400 0.56116 1.87370 2.16902 10.90897 2720.0 13627.4 1.84156 0.16235 
0.97462 1.81200 0.56645 1.87596 2.17223 10.90033 2724.9 13651.0 1.84283 0.16236 
0.97463 1.82000 0.57177 1.87819 2.17539 10.89171 2729.8 13674.5 1.84404 0.16237 
0.97464 1.82800 0.57711 1.88037 2.17851 10.88311 2734.6 13697.9 1.84520 0.16238 
0.97466 1.83600 0.58246 1.88253 2.18158 10.87454 2739.4 13721.1 1.84632 0.16240 
0.97467 1.84400 0.58783 1.88465 2.18461 10.86599 2744.2 13744.2 1.84739 0.16241 
0.97468 1.85200 0.59323 1.88674 2.18759 10.85747 2749.0 13767.2 1.84841 0.16242 
0.97470 1.86000 0.59864 1.88879 2.19052 10.84897 2753.8 13790.1 1.84939 0.16243 
0.97471 1.86800 0.60407 1.89081 2.19342 10.84050 2758.5 13812.9 1.85033 0.16245 
0.97472 1.87600 0.60952 1.89280 2.19627 10.83205 2763.2 13835.5 1.85122 0.16246 
0.97474 1.88400 0.61499 1.89476 2.19908 10.82363 2767.9 13858.0 1.85206 0.16247 
0.97475 1.89200 0.62048 1.89665 2.20179 10.81516 2772.6 13880.5 1.85278 0.16249 
0.97476 1.90000 0.62598 1.89855 2.20452 10.80680 2777.2 13902.8 1.85355 0.16250 
0.97478 1.90800 0.63151 1.90042 2.20721 10.79845 2781.9 13925.0 1.85428 0.16252 
0.97479 1.91600 0.63705 1.90226 2.20985 10.79014 2786.5 13947.0 1.85496 0.16253 
0.97480 1.92400 0.64261 1.90407 2.21246 10.78185 2791.0 13969.0 1.85561 0.16254 
0.97482 1.93200 0.64819 1.90586 2.21502 10.77359 2795.6 13990.8 1.85622 0.16256 
0.97483 1.94000 0.65379 1.90761 2.21755 10.76535 2800.1 14012.5 1.85679 0.16257 
0.97484 1.94800 0.65940 1.90934 2.22004 10.75714 2804.6 14034.1 1.85733 0.16259 
0.97486 1.95600 0.66504 1.91100 2.22245 10.74889 2809.2 14055.7 1.85772 0.16260 
0.97487 1.96400 0.67069 1.91267 2.22487 10.74074 2813.6 14077.1 1.85820 0.16262 
0.97488 1.97200 0.67636 1.91432 2.22725 10.73262 2818.1 14098.4 1.85863 0.16263 
0.97490 1.98000 0.68204 1.91594 2.22960 10.72452 2822.5 14119.6 1.85903 0.16264 
0.97491 1.98800 0.68775 1.91754 2.23191 10.71645 2826.9 14140.7 1.85940 0.16266 
0.97492 1.99600 0.69347 1.91910 2.23418 10.70841 2831.2 14161.7 1.85973 0.16267 
0.97493 2.00400 0.69921 1.92065 2.23642 10.70039 2835.6 14182.5 1.86003 0.16269 
0.97495 2.01200 0.70497 1.92214 2.23860 10.69235 2840.0 14203.3 1.86026 0.16271 
0.97496 2.02000 0.71074 1.92364 2.24077 10.68440 2844.3 14224.0 1.86051 0.16272 
0.97497 2.02800 0.71653 1.92512 2.24292 10.67647 2848.5 14244.6 1.86072 0.16273 
0.97498 2.03600 0.72234 1.92655 2.24501 10.66853 2852.8 14265.0 1.86084 0.16275 
0.97500 2.04400 0.72817 1.92799 2.24711 10.66069 2857.0 14285.4 1.86104 0.16276 
0.97501 2.05200 0.73401 1.92941 2.24917 10.65288 2861.2 14305.6 1.86122 0.16277 
0.97502 2.06000 0.73987 1.93081 2.25120 10.64509 2865.4 14325.8 1.86136 0.16279 
0.97503 2.06800 0.74574 1.93214 2.25315 10.63723 2869.6 14345.9 1.86133 0.16280 
0.97505 2.07600 0.75164 1.93347 2.25509 10.62947 2873.8 14365.8 1.86136 0.16281 
0.97506 2.08400 0.75755 1.93476 2.25698 10.62167 2878.0 14385.8 1.86133 0.16283 
0.97507 2.09200 0.76347 1.93604 2.25886 10.61395 2882.1 14405.5 1.86130 0.16285 
0.97508 2.10000 0.76941 1.93731 2.26071 10.60625 2886.2 14425.2 1.86124 0.16286 
0.97510 2.10800 0.77537 1.93855 2.26253 10.59857 2890.3 14444.8 1.86116 0.16288 
0.97511 2.11600 0.78135 1.93977 2.26432 10.59093 2894.4 14464.4 1.86105 0.16289 
0.97512 2.12400 0.78734 1.94097 2.26608 10.58330 2898.5 14483.8 1.86092 0.16291 
0.97513 2.13200 0.79335 1.94215 2.26782 10.57571 2902.5 14503.1 1.86076 0.16292 
0.97514 2.14000 0.79937 1.94328 2.26947 10.56806 2906.6 14522.4 1.86048 0.16294 
0.97516 2.14800 0.80541 1.94442 2.27115 10.56051 2910.6 14541.6 1.86026 0.16296 
0.97517 2.15600 0.81147 1.94553 2.27279 10.55299 2914.6 14560.6 1.86002 0.16297 
0.97518 2.16400 0.81754 1.94663 2.27441 10.54549 2918.6 14579.6 1.85976 0.16299 
0.97519 2.17200 0.82363 1.94771 2.27600 10.53802 2922.6 14598.5 1.85947 0.16300 
0.97520 2.18000 0.82973 1.94877 2.27757 10.53058 2926.5 14617.3 1.85917 0.16302 
0.97521 2.18800 0.83585 1.94982 2.27910 10.52316 2930.4 14636.0 1.85884 0.16303 
0.97523 2.19600 0.84199 1.95084 2.28062 10.51576 2934.3 14654.7 1.85848 0.16305 
0.97524 2.20400 0.84814 1.95180 2.28204 10.50830 2938.3 14673.3 1.85801 0.16306 
0.97525 2.21200 0.85431 1.95279 2.28350 10.50096 2942.2 14691.8 1.85761 0.16308 
0.97526 2.22000 0.86049 1.95376 2.28493 10.49364 2946.0 14710.2 1.85719 0.16309 
0.97527 2.22800 0.86669 1.95471 2.28634 10.48634 2949.9 14728.5 1.85675 0.16311 
0.97528 2.23600 0.87290 1.95564 2.28772 10.47907 2953.7 14746.7 1.85629 0.16312 
0.97529 2.24400 0.87913 1.95656 2.28908 10.47182 2957.5 14764.9 1.85581 0.16314 
0.97530 2.25200 0.88537 1.95746 2.29042 10.46460 2961.3 14782.9 1.85531 0.16316 
0.97532 2.26000 0.89163 1.95835 2.29173 10.45741 2965.1 14800.9 1.85479 0.16317 
0.97533 2.26800 0.89791 1.95922 2.29302 10.45023 2968.9 14818.8 1.85426 0.16319 
0.97534 2.27600 0.90420 1.96007 2.29428 10.44309 2972.6 14836.6 1.85370 0.16320 
0.97535 2.28400 0.91050 1.96090 2.29553 10.43597 2976.3 14854.4 1.85313 0.16322 
0.97536 2.29200 0.91682 1.96170 2.29672 10.42883 2980.1 14872.1 1.85249 0.16323 
0.97537 2.30000 0.92315 1.96251 2.29791 10.42175 2983.8 14889.7 1.85189 0.16325 
0.97538 2.30800 0.92950 1.96330 2.29909 10.41471 2987.5 14907.2 1.85126 0.16326 
0.97539 2.31600 0.93587 1.96407 2.30024 10.40768 2991.1 14924.6 1.85062 0.16328 
0.97540 2.32400 0.94225 1.96483 2.30138 10.40069 2994.8 14942.0 1.84996 0.16329 
0.97541 2.33200 0.94864 1.96558 2.30249 10.39371 2998.4 14959.3 1.84929 0.16331 
0.97542 2.34000 0.95505 1.96631 2.30358 10.38677 3002.1 14976.5 1.84860 0.16332 
0.97543 2.34800 0.96147 1.96703 2.30465 10.37984 3005.7 14993.6 1.84789 0.16334 
0.97544 2.35600 0.96790 1.96773 2.30570 10.37294 3009.3 15010.7 1.84717 0.16335 
0.97545 2.36400 0.97435 1.96842 2.30673 10.36607 3012.9 15027.7 1.84644 0.16337 
0.97546 2.37200 0.98082 1.96909 2.30774 10.35922 3016.4 15044.6 1.84569 0.16338 
0.97548 2.38000 0.98730 1.96976 2.30873 10.35239 3020.0 15061.4 1.84492 0.16340 
0.97549 2.38800 0.99379 1.97041 2.30970 10.34559 3023.5 15078.2 1.84415 0.16341 
0.97550 2.39600 1.00030 1.97104 2.31065 10.33881 3027.0 15094.9 1.84336 0.16343 
0.97551 2.40400 1.00682 1.97166 2.31159 10.33205 3030.5 15111.5 1.84255 0.16344 
0.97552 2.41200 1.01335 1.97228 2.31250 10.32532 3034.0 15128.1 1.84173 0.16346 
0.97553 2.42000 1.01990 1.97287 2.31340 10.31861 3037.5 15144.6 1.84090 0.16347 
0.97554 2.42800 1.02647 1.97346 2.31428 10.31193 3041.0 15161.0 1.84006 0.16348 
0.97555 2.43600 1.03304 1.97403 2.31514 10.30527 3044.4 15177.3 1.83920 0.16350 
0.97556 2.44400 1.03963 1.97459 2.31598 10.29864 3047.9 15193.6 1.83834 0.16351 
0.97557 2.45200 1.04623 1.97514 2.31680 10.29203 3051.3 15209.8 1.83746 0.16353 
0.97558 2.46000 1.05285 1.97568 2.31761 10.28544 3054.7 15225.9 1.83656 0.16354 
0.97559 2.46800 1.05948 1.97621 2.31840 10.27888 3058.1 15242.0 1.83566 0.16356 
0.97559 2.47600 1.06613 1.97672 2.31918 10.27234 3061.5 15258.0 1.83475 0.16357 
0.97560 2.48400 1.07278 1.97722 2.31993 10.26582 3064.9 15274.0 1.83382 0.16359 
0.97561 2.49200 1.07945 1.97772 2.32067 10.25932 3068.2 15289.8 1.83289 0.16360 
0.97562 2.50000 1.08614 1.97820 2.32140 10.25285 3071.6 15305.7 1.83194 0.16361 
0.97563 2.50800 1.09283 1.97867 2.32211 10.24640 3074.9 15321.4 1.83098 0.16363 
0.97564 2.51600 1.09955 1.97913 2.32280 10.23998 3078.2 15337.1 1.83002 0.16364 
0.97565 2.52400 1.10627 1.97958 2.32347 10.23357 3081.5 15352.7 1.82904 0.16366 
0.97566 2.53200 1.11301 1.98001 2.32414 10.22719 3084.8 15368.3 1.82805 0.16367 
0.97567 2.54000 1.11976 1.98044 2.32478 10.22083 3088.1 15383.7 1.82706 0.16368 
0.97568 2.54800 1.12652 1.98086 2.32541 10.21450 3091.4 15399.2 1.82605 0.16370 
0.97569 2.55600 1.13329 1.98127 2.32603 10.20818 3094.6 15414.5 1.82503 0.16371 
0.97570 2.56400 1.14008 1.98167 2.32663 10.20189 3097.8 15429.8 1.82401 0.16372 
0.97571 2.57200 1.14688 1.98206 2.32721 10.19562 3101.1 15445.1 1.82298 0.16374 
0.97572 2.58000 1.15370 1.98243 2.32779 10.18938 3104.3 15460.3 1.82194 0.16375 
0.97573 2.58800 1.16052 1.98280 2.32835 10.18315 3107.5 15475.4 1.82089 0.16376 
0.97574 2.59600 1.16736 1.98316 2.32889 10.17695 3110.7 15490.5 1.81983 0.16378 
0.97574 2.60400 1.17422 1.98351 2.32942 10.17077 3113.9 15505.5 1.81876 0.16379 
0.97575 2.61200 1.18108 1.98386 2.32994 10.16461 3117.0 15520.4 1.81769 0.16380 
0.97576 2.62000 1.18796 1.98419 2.33044 10.15847 3120.2 15535.3 1.81661 0.16382 
0.97577 2.62800 1.19485 1.98451 2.33093 10.15235 3123.3 15550.1 1.81552 0.16383 
0.97578 2.63600 1.20175 1.98483 2.33140 10.14626 3126.4 15564.9 1.81442 0.16384 
0.97579 2.64400 1.20866 1.98513 2.33187 10.14019 3129.6 15579.6 1.81331 0.16386 
0.97580 2.65200 1.21559 1.98543 2.33232 10.13414 3132.7 15594.2 1.81220 0.16387 
0.97581 2.66000 1.22253 1.98572 2.33276 10.12810 3135.8 15608.8 1.81108 0.16388 
0.97581 2.66800 1.22948 1.98600 2.33318 10.12210 3138.8 15623.4 1.80996 0.16390 
0.97582 2.67600 1.23644 1.98627 2.33359 10.11611 3141.9 15637.8 1.80883 0.16391 
0.97583 2.68400 1.24342 1.98654 2.33399 10.11014 3145.0 15652.3 1.80769 0.16392 
0.97584 2.69200 1.25040 1.98680 2.33438 10.10419 3148.0 15666.6 1.80654 0.16393 
0.97585 2.70000 1.25740 1.98699 2.33467 10.09816 3151.1 15681.1 1.80527 0.16395 
0.97586 2.70800 1.26441 1.98723 2.33504 10.09225 3154.1 15695.3 1.80411 0.16396 
0.97586 2.71600 1.27144 1.98746 2.33539 10.08637 3157.1 15709.5 1.80295 0.16397 
0.97587 2.72400 1.27847 1.98768 2.33573 10.08050 3160.1 15723.7 1.80178 0.16398 
0.97588 2.73200 1.28552 1.98790 2.33606 10.07466 3163.1 15737.8 1.80060 0.16400 
0.97589 2.74000 1.29258 1.98811 2.33637 10.06883 3166.1 15751.8 1.79942 0.16401 
0.97590 2.74800 1.29965 1.98831 2.33668 10.06303 3169.1 15765.8 1.79823 0.16402 
0.97591 2.75600 1.30673 1.98851 2.33697 10.05724 3172.0 15779.8 1.79704 0.16403 
0.97591 2.76400 1.31382 1.98870 2.33726 10.05148 3175.0 15793.6 1.79584 0.16404 
0.97592 2.77200 1.32093 1.98888 2.33753 10.04574 3177.9 15807.5 1.79464 0.16406 
0.97593 2.78000 1.32804 1.98905 2.33779 10.04001 3180.8 15821.2 1.79343 0.16407 
0.97594 2.78800 1.33517 1.98922 2.33805 10.03431 3183.8 15835.0 1.79222 0.16408 
0.97595 2.79600 1.34231 1.98938 2.33829 10.02862 3186.7 15848.6 1.79100 0.16409 
0.97595 2.80400 1.34946 1.98953 2.33852 10.02296 3189.5 15862.3 1.78978 0.16410 
0.97596 2.81200 1.35662 1.98965 2.33870 10.01726 3192.4 15875.9 1.78851 0.16412 
0.97597 2.82000 1.36380 1.98979 2.33891 10.01163 3195.3 15889.4 1.78728 0.16413 
0.97598 2.82800 1.37098 1.98992 2.33911 10.00603 3198.2 15902.9 1.78604 0.16414 
0.97599 2.83600 1.37818 1.99005 2.33930 10.00044 3200.9 15916.3 1.78480 0.16415 
0.97599 2.84400 1.38538 1.99017 2.33948 9.99487 3203.8 15929.7 1.78356 0.16416 
0.97600 2.85200 1.39260 1.99028 2.33965 9.98932 3206.6 15943.0 1.78231 0.16417 
0.97601 2.86000 1.39983 1.99039 2.33981 9.98379 3209.4 15956.3 1.78106 0.16418 
0.97601 2.86800 1.40707 1.99049 2.33997 9.97828 3212.3 15969.5 1.77981 0.16419 
0.97602 2.87600 1.41432 1.99059 2.34011 9.97279 3215.1 15982.7 1.77855 0.16420 
0.97603 2.88400 1.42158 1.99068 2.34025 9.96732 3217.9 15995.8 1.77729 0.16421 
0.97604 2.89200 1.42885 1.99077 2.34037 9.96187 3220.7 16008.9 1.77602 0.16422 
0.97604 2.90000 1.43613 1.99085 2.34049 9.95643 3223.4 16021.9 1.77475 0.16424 
0.97605 2.90800 1.44343 1.99092 2.34060 9.95102 3226.2 16034.9 1.77348 0.16425 
0.97606 2.91600 1.45073 1.99099 2.34070 9.94562 3228.9 16047.8 1.77220 0.16426 
0.97607 2.92400 1.45805 1.99105 2.34079 9.94024 3231.6 16060.7 1.77093 0.16427 
0.97607 2.93200 1.46537 1.99111 2.34087 9.93488 3234.4 16073.5 1.76964 0.16428 
0.97608 2.94000 1.47271 1.99116 2.34095 9.92954 3237.1 16086.3 1.76836 0.16429 
0.97609 2.94800 1.48005 1.99120 2.34101 9.92422 3239.8 16099.1 1.76707 0.16430 
0.97609 2.95600 1.48741 1.99124 2.34107 9.91891 3242.5 16111.8 1.76578 0.16431 
0.97610 2.96400 1.49478 1.99128 2.34112 9.91363 3245.2 16124.4 1.76449 0.16432 
0.97611 2.97200 1.50215 1.99131 2.34116 9.90836 3247.8 16137.0 1.76320 0.16433 
0.97612 2.98000 1.50954 1.99134 2.34120 9.90311 3250.5 16149.6 1.76190 0.16434 
0.97612 2.98800 1.51694 1.99136 2.34122 9.89788 3253.2 16162.1 1.76060 0.16434 
0.97613 2.99600 1.52435 1.99137 2.34124 9.89266 3255.8 16174.6 1.75930 0.16436 
0.97614 3.00400 1.53177 1.99138 2.34125 9.88746 3258.5 16187.0 1.75800 0.16437 
0.97614 3.01200 1.53920 1.99139 2.34126 9.88228 3261.1 16199.4 1.75669 0.16437 
0.97615 3.02000 1.54664 1.99139 2.34125 9.87712 3263.7 16211.7 1.75538 0.16438 
0.97616 3.02800 1.55409 1.99139 2.34124 9.87198 3266.3 16224.0 1.75407 0.16439 
0.97617 3.03600 1.56154 1.99138 2.34122 9.86684 3268.7 16236.3 1.75276 0.16439 
0.97617 3.04400 1.56901 1.99137 2.34120 9.86174 3271.5 16248.5 1.75145 0.16441 
0.97618 3.05200 1.57649 1.99135 2.34117 9.85665 3274.1 16260.7 1.75013 0.16442 
0.97618 3.06000 1.58398 1.99133 2.34113 9.85157 3276.7 16272.8 1.74882 0.16443 
0.97619 3.06800 1.59148 1.99130 2.34108 9.84651 3279.3 16284.9 1.74750 0.16444 
0.97620 3.07600 1.59899 1.99127 2.34103 9.84147 3281.8 16296.9 1.74618 0.16445 
0.97620 3.08400 1.60651 1.99124 2.34097 9.83645 3284.4 16308.9 1.74486 0.16446 
0.97621 3.09200 1.61404 1.99120 2.34090 9.83144 3286.9 16320.9 1.74353 0.16446 
0.97622 3.10000 1.62158 1.99116 2.34083 9.82645 3289.4 16332.8 1.74221 0.16447 
0.97622 3.10800 1.62913 1.99111 2.34075 9.82147 3291.9 16344.7 1.74088 0.16448 
0.97623 3.11600 1.63668 1.99106 2.34067 9.81651 3294.5 16356.5 1.73955 0.16449 
0.97623 3.12400 1.64425 1.99101 2.34057 9.81157 3297.0 16368.3 1.73823 0.16450 
0.97624 3.13200 1.65183 1.99095 2.34048 9.80665 3299.5 16380.0 1.73690 0.16451 
0.97625 3.14000 1.65942 1.99088 2.34037 9.80174 3302.0 16391.7 1.73557 0.16452 
0.97625 3.14800 1.66701 1.99082 2.34026 9.79685 3304.4 16403.4 1.73423 0.16452 
0.97626 3.15600 1.67462 1.99075 2.34015 9.79197 3306.9 16415.0 1.73290 0.16453 
0.97627 3.16400 1.68223 1.99067 2.34002 9.78711 3309.3 16426.6 1.73157 0.16454 
0.97627 3.17200 1.68986 1.99059 2.33989 9.78227 3311.8 16438.2 1.73023 0.16455 
0.97628 3.18000 1.69749 1.99051 2.33976 9.77744 3314.2 16449.7 1.72890 0.16456 
0.97628 3.18800 1.70514 1.99043 2.33962 9.77263 3316.7 16461.2 1.72756 0.16456 
0.97629 3.19600 1.71279 1.99034 2.33948 9.76783 3319.1 16472.6 1.72623 0.16457 
0.97630 3.20400 1.72045 1.99025 2.33932 9.76305 3321.5 16484.0 1.72489 0.16458 
0.97630 3.21200 1.72812 1.99015 2.33917 9.75829 3323.9 16495.3 1.72355 0.16459 
0.97631 3.22000 1.73580 1.99005 2.33901 9.75354 3326.3 16506.7 1.72221 0.16459 
0.97631 3.22800 1.74349 1.98995 2.33884 9.74881 3328.7 16517.9 1.72087 0.16460 
0.97632 3.23600 1.75119 1.98984 2.33867 9.74409 3331.1 16529.2 1.71953 0.16461 
0.97633 3.24400 1.75890 1.98973 2.33849 9.73939 3333.5 16540.4 1.71819 0.16462 
0.97633 3.25200 1.76662 1.98962 2.33830 9.73470 3335.9 16551.6 1.71685 0.16462 
0.97634 3.26000 1.77434 1.98951 2.33812 9.73003 3338.2 16562.7 1.71551 0.16463 
0.97634 3.26800 1.78208 1.98939 2.33792 9.72537 3340.6 16573.8 1.71417 0.16464 
0.97635 3.27600 1.78982 1.98926 2.33772 9.72073 3343.0 16584.8 1.71283 0.16464 
0.97635 3.28400 1.79758 1.98914 2.33752 9.71611 3345.3 16595.8 1.71149 0.16465 
0.97636 3.29200 1.80534 1.98904 2.33736 9.71154 3347.6 16606.8 1.71022 0.16466 
0.97636 3.30000 1.81311 1.98891 2.33715 9.70694 3349.9 16617.8 1.70888 0.16467 
0.97637 3.30800 1.82089 1.98878 2.33694 9.70236 3352.3 16628.7 1.70755 0.16467 
0.97638 3.31600 1.82868 1.98864 2.33672 9.69780 3354.6 16639.5 1.70621 0.16468 
0.97638 3.32400 1.83647 1.98850 2.33649 9.69325 3356.9 16650.4 1.70487 0.16469 
0.97639 3.33200 1.84428 1.98836 2.33626 9.68872 3359.2 16661.2 1.70353 0.16469 
0.97639 3.34000 1.85209 1.98822 2.33603 9.68420 3361.5 16671.9 1.70220 0.16470 
0.97640 3.34800 1.85992 1.98807 2.33579 9.67970 3363.7 16682.6 1.70086 0.16471 
0.97640 3.35600 1.86775 1.98792 2.33555 9.67521 3366.0 16693.3 1.69952 0.16471 
0.97641 3.36400 1.87559 1.98777 2.33530 9.67073 3368.3 16704.0 1.69818 0.16472 
0.97641 3.37200 1.88344 1.98760 2.33503 9.66625 3370.6 16714.6 1.69682 0.16473 
0.97642 3.38000 1.89130 1.98744 2.33477 9.66180 3372.8 16725.2 1.69549 0.16474 
0.97642 3.38800 1.89916 1.98728 2.33451 9.65737 3375.1 16735.8 1.69415 0.16474 
0.97643 3.39600 1.90704 1.98712 2.33425 9.65295 3377.3 16746.3 1.69281 0.16475 
0.97643 3.40400 1.91492 1.98695 2.33398 9.64855 3379.5 16756.8 1.69148 0.16475 
0.97644 3.41200 1.92281 1.98678 2.33371 9.64416 3381.8 16767.2 1.69014 0.16476 
0.97644 3.42000 1.93071 1.98661 2.33343 9.63978 3384.0 16777.6 1.68881 0.16477 
0.97645 3.42800 1.93862 1.98644 2.33315 9.63542 3386.2 16788.0 1.68747 0.16477 
0.97645 3.43600 1.94653 1.98626 2.33286 9.63107 3388.4 16798.4 1.68614 0.16478 
0.97646 3.44400 1.95446 1.98609 2.33258 9.62674 3390.6 16808.7 1.68480 0.16478 
0.97646 3.45200 1.96239 1.98591 2.33228 9.62242 3392.8 16819.0 1.68347 0.16479 
0.97647 3.46000 1.97033 1.98572 2.33199 9.61811 3395.0 16829.2 1.68214 0.16480 
0.97648 3.46800 1.97828 1.98554 2.33169 9.61382 3397.1 16839.4 1.68081 0.16480 
0.97648 3.47600 1.98624 1.98533 2.33134 9.60951 3399.2 16849.6 1.67941 0.16480 
0.97649 3.48400 1.99421 1.98514 2.33103 9.60524 3401.4 16859.8 1.67808 0.16481 
0.97649 3.49200 2.00218 1.98494 2.33072 9.60098 3403.5 16869.9 1.67674 0.16481 
0.97650 3.50000 2.01016 1.98475 2.33041 9.59674 3405.7 16880.0 1.67541 0.16482 
0.97650 3.50800 2.01815 1.98455 2.33009 9.59251 3407.8 16890.1 1.67408 0.16482 
0.97651 3.51600 2.02615 1.98435 2.32976 9.58829 3410.0 16900.1 1.67275 0.16483 
0.97651 3.52400 2.03415 1.98415 2.32944 9.58409 3412.1 16910.1 1.67142 0.16483 
0.97651 3.53200 2.04216 1.98395 2.32911 9.57990 3414.2 16920.1 1.67009 0.16484 
0.97652 3.54000 2.05018 1.98374 2.32878 9.57573 3416.3 16930.0 1.66877 0.16484 
0.97652 3.54800 2.05821 1.98357 2.32850 9.57161 3418.6 16939.9 1.66752 0.16486 
0.97653 3.55600 2.06625 1.98336 2.32816 9.56746 3420.7 16949.8 1.66619 0.16486 
0.97653 3.56400 2.07429 1.98315 2.32782 9.56332 3422.8 16959.6 1.66487 0.16487 
0.97654 3.57200 2.08235 1.98294 2.32748 9.55920 3424.8 16969.4 1.66355 0.16487 
0.97654 3.58000 2.09041 1.98272 2.32713 9.55509 3426.9 16979.2 1.66223 0.16488 
0.97655 3.58800 2.09847 1.98251 2.32678 9.55099 3429.0 16988.9 1.66091 0.16488 
0.97655 3.59600 2.10655 1.98229 2.32643 9.54691 3431.1 16998.7 1.65959 0.16489 
0.97656 3.60400 2.11463 1.98207 2.32607 9.54284 3433.1 17008.4 1.65827 0.16489 
0.97656 3.61200 2.12272 1.98185 2.32571 9.53878 3435.2 17018.0 1.65696 0.16489 
0.97656 3.62000 2.13082 1.98163 2.32535 9.53473 3437.2 17027.6 1.65564 0.16490 
0.97657 3.62800 2.13893 1.98140 2.32499 9.53070 3439.3 17037.2 1.65433 0.16490 
0.97657 3.63600 2.14704 1.98117 2.32462 9.52668 3441.3 17046.8 1.65302 0.16491 
0.97658 3.64400 2.15516 1.98095 2.32425 9.52267 3443.3 17056.4 1.65171 0.16491 
0.97658 3.65200 2.16329 1.98072 2.32388 9.51867 3445.3 17065.9 1.65040 0.16492 
0.97659 3.66000 2.17143 1.98048 2.32350 9.51469 3447.4 17075.4 1.64909 0.16492 
0.97659 3.66800 2.17957 1.98025 2.32312 9.51072 3449.4 17084.8 1.64778 0.16492 
0.97660 3.67600 2.18772 1.98002 2.32274 9.50676 3451.4 17094.2 1.64647 0.16493 
0.97660 3.68400 2.19588 1.97978 2.32236 9.50281 3453.4 17103.6 1.64517 0.16493 
0.97660 3.69200 2.20405 1.97954 2.32197 9.49887 3455.4 17113.0 1.64386 0.16494 
0.97661 3.70000 2.21222 1.97930 2.32158 9.49495 3457.3 17122.3 1.64256 0.16494 
0.97661 3.70800 2.22040 1.97906 2.32119 9.49104 3459.3 17131.6 1.64126 0.16494 
0.97662 3.71600 2.22859 1.97882 2.32080 9.48714 3461.3 17140.9 1.63996 0.16495 
0.97662 3.72400 2.23678 1.97858 2.32040 9.48325 3463.3 17150.2 1.63866 0.16495 
0.97663 3.73200 2.24498 1.97833 2.32000 9.47938 3465.2 17159.4 1.63737 0.16496 
0.97663 3.74000 2.25319 1.97808 2.31960 9.47551 3467.2 17168.6 1.63607 0.16496 
0.97663 3.74800 2.26141 1.97783 2.31920 9.47166 3469.1 17177.8 1.63477 0.16496 
0.97664 3.75600 2.26963 1.97758 2.31879 9.46782 3471.1 17186.9 1.63348 0.16497 
0.97664 3.76400 2.27786 1.97733 2.31839 9.46400 3473.0 17196.0 1.63219 0.16497 
0.97665 3.77200 2.28610 1.97708 2.31798 9.46018 3474.9 17205.1 1.63090 0.16497 
0.97665 3.78000 2.29435 1.97683 2.31756 9.45637 3476.8 17214.2 1.62961 0.16498 
0.97666 3.78800 2.30260 1.97657 2.31715 9.45258 3478.8 17223.2 1.62832 0.16498 
0.97666 3.79600 2.31086 1.97631 2.31673 9.44880 3480.7 17232.2 1.62704 0.16498 
0.97666 3.80400 2.31912 1.97606 2.31631 9.44503 3482.6 17241.2 1.62575 0.16499 
0.97667 3.81200 2.32740 1.97580 2.31589 9.44127 3484.5 17250.1 1.62447 0.16499 
0.97667 3.82000 2.33568 1.97554 2.31547 9.43752 3486.4 17259.0 1.62319 0.16499 
0.97668 3.82800 2.34396 1.97527 2.31504 9.43379 3488.3 17267.9 1.62191 0.16499 
0.97668 3.83600 2.35226 1.97501 2.31461 9.43006 3490.2 17276.8 1.62063 0.16500 
0.97668 3.84400 2.36056 1.97475 2.31418 9.42635 3492.0 17285.7 1.61936 0.16500 
0.97669 3.85200 2.36887 1.97448 2.31375 9.42264 3493.9 17294.5 1.61808 0.16500 
0.97669 3.86000 2.37718 1.97421 2.31332 9.41895 3495.8 17303.3 1.61681 0.16501 
0.97670 3.86800 2.38550 1.97395 2.31288 9.41527 3497.6 17312.0 1.61553 0.16501 
0.97670 3.87600 2.39383 1.97368 2.31244 9.41160 3499.5 17320.8 1.61426 0.16501 
0.97670 3.88400 2.40216 1.97340 2.31200 9.40794 3501.3 17329.5 1.61299 0.16501 
0.97671 3.89200 2.41050 1.97315 2.31158 9.40431 3503.2 17338.2 1.61174 0.16502 
0.97671 3.90000 2.41885 1.97287 2.31114 9.40067 3505.0 17346.8 1.61047 0.16502 
0.97671 3.90800 2.42721 1.97260 2.31070 9.39705 3506.8 17355.5 1.60921 0.16502 
0.97671 3.91600 2.43557 1.97211 2.30991 9.39310 3509.1 17364.4 1.60762 0.16505 
0.97672 3.92400 2.44394 1.97183 2.30946 9.38949 3510.9 17373.0 1.60635 0.16505 
0.97672 3.93200 2.45231 1.97155 2.30900 9.38588 3512.8 17381.6 1.60508 0.16505 
0.97672 3.94000 2.46069 1.97127 2.30854 9.38229 3514.6 17390.1 1.60381 0.16505 
0.97673 3.94800 2.46908 1.97098 2.30808 9.37871 3516.4 17398.7 1.60255 0.16506 
0.97673 3.95600 2.47748 1.97070 2.30761 9.37514 3518.2 17407.2 1.60129 0.16506 
0.97674 3.96400 2.48588 1.97066 2.30754 9.37197 3519.5 17415.2 1.60041 0.16504 
0.97674 3.97200 2.49428 1.97038 2.30708 9.36843 3521.3 17423.6 1.59916 0.16504 
0.97675 3.98000 2.50270 1.97010 2.30662 9.36490 3523.1 17432.0 1.59791 0.16504 
0.97675 3.98800 2.51112 1.96981 2.30616 9.36138 3524.9 17440.4 1.59667 0.16504 
0.97676 3.99600 2.51955 1.96953 2.30569 9.35787 3526.7 17448.8 1.59542 0.16504 