ratio e_15 p_15 M M_0 r_star spin Omega_K I J/M^2 
0.90758 0.50000 0.02299 0.55982 0.57635 13.26945 2260.7 5656.3 0.41969 0.34447 
0.90725 0.50800 0.02402 0.57503 0.59266 13.22729 2301.0 5759.7 0.43510 0.34452 
0.90583 0.51600 0.02507 0.59058 0.60936 13.19875 2354.9 5855.9 0.45124 0.34666 
0.90630 0.52400 0.02616 0.60578 0.62575 13.15498 2384.2 5960.5 0.46691 0.34517 
0.90568 0.53200 0.02727 0.62141 0.64263 13.12199 2423.9 6060.7 0.48374 0.34552 
0.90519 0.54000 0.02842 0.63694 0.65944 13.09071 2462.1 6158.2 0.50045 0.34560 
0.90479 0.54800 0.02959 0.65238 0.67620 13.06161 2499.9 6252.9 0.51703 0.34555 
0.90437 0.55600 0.03079 0.66785 0.69300 13.03471 2537.5 6345.8 0.53375 0.34552 
0.90392 0.56400 0.03201 0.68338 0.70993 13.00958 2574.8 6437.8 0.55079 0.34553 
0.90350 0.57200 0.03327 0.69893 0.72691 12.98567 2611.1 6528.6 0.56802 0.34547 
0.90318 0.58000 0.03455 0.71440 0.74384 12.96271 2646.4 6617.5 0.58517 0.34525 
0.90295 0.58800 0.03587 0.72978 0.76070 12.94077 2680.7 6704.6 0.60222 0.34491 
0.90271 0.59600 0.03721 0.74510 0.77753 12.92012 2714.6 6789.9 0.61928 0.34456 
0.90239 0.60400 0.03858 0.76045 0.79444 12.90113 2748.6 6874.2 0.63663 0.34430 
0.90196 0.61200 0.03999 0.77589 0.81151 12.88353 2782.6 6958.1 0.65446 0.34420 
0.90149 0.62000 0.04142 0.79137 0.82865 12.86675 2816.1 7041.2 0.67258 0.34413 
0.90113 0.62800 0.04288 0.80674 0.84572 12.85022 2848.9 7122.7 0.69057 0.34396 
0.90088 0.63600 0.04437 0.82199 0.86269 12.83405 2881.0 7202.6 0.70837 0.34369 
0.90068 0.64400 0.04589 0.83712 0.87956 12.81831 2912.4 7281.0 0.72603 0.34333 
0.90051 0.65200 0.04744 0.85215 0.89635 12.80316 2943.1 7358.0 0.74365 0.34294 
0.90031 0.66000 0.04902 0.86710 0.91308 12.78867 2973.4 7433.8 0.76125 0.34256 
0.90008 0.66800 0.05063 0.88199 0.92978 12.77483 3003.4 7508.6 0.77893 0.34220 
0.89983 0.67600 0.05227 0.89685 0.94650 12.76172 3033.1 7582.6 0.79676 0.34187 
0.89958 0.68400 0.05393 0.91163 0.96317 12.74887 3062.4 7655.7 0.81461 0.34155 
0.89936 0.69200 0.05563 0.92631 0.97976 12.73620 3091.2 7727.7 0.83238 0.34122 
0.89917 0.70000 0.05736 0.94086 0.99624 12.72370 3119.6 7798.6 0.85002 0.34085 
0.89902 0.70800 0.05912 0.95530 1.01263 12.71134 3147.5 7868.4 0.86753 0.34045 
0.89890 0.71600 0.06091 0.96962 1.02893 12.69918 3174.9 7937.2 0.88494 0.34004 
0.89880 0.72400 0.06273 0.98384 1.04513 12.68719 3202.0 8005.2 0.90225 0.33962 
0.89872 0.73200 0.06458 0.99793 1.06123 12.67537 3228.7 8072.0 0.91944 0.33919 
0.89864 0.74000 0.06645 1.01191 1.07723 12.66377 3255.2 8138.0 0.93653 0.33877 
0.89856 0.74800 0.06836 1.02578 1.09315 12.65243 3281.4 8203.2 0.95358 0.33837 
0.89843 0.75600 0.07030 1.03959 1.10904 12.64151 3307.4 8267.8 0.97072 0.33802 
0.89826 0.76400 0.07227 1.05333 1.12490 12.63088 3333.1 8332.0 0.98797 0.33771 
0.89807 0.77200 0.07427 1.06699 1.14070 12.62047 3358.5 8395.6 1.00525 0.33744 
0.89788 0.78000 0.07630 1.08054 1.15642 12.61009 3383.6 8458.4 1.02248 0.33716 
0.89774 0.78800 0.07836 1.09395 1.17199 12.59960 3408.4 8520.3 1.03949 0.33687 
0.89762 0.79600 0.08045 1.10721 1.18744 12.58905 3432.9 8581.3 1.05630 0.33656 
0.89753 0.80400 0.08257 1.12033 1.20274 12.57841 3457.0 8641.4 1.07290 0.33624 
0.89746 0.81200 0.08471 1.13331 1.21792 12.56774 3480.7 8700.8 1.08932 0.33590 
0.89740 0.82000 0.08689 1.14616 1.23298 12.55708 3504.2 8759.5 1.10560 0.33557 
0.89736 0.82800 0.08910 1.15887 1.24791 12.54639 3527.3 8817.6 1.12171 0.33523 
0.89732 0.83600 0.09134 1.17145 1.26271 12.53569 3550.2 8875.0 1.13765 0.33489 
0.89730 0.84400 0.09361 1.18390 1.27739 12.52497 3572.8 8931.7 1.15342 0.33455 
0.89730 0.85200 0.09591 1.19620 1.29193 12.51419 3595.0 8987.7 1.16900 0.33419 
0.89731 0.86000 0.09824 1.20837 1.30634 12.50340 3617.1 9043.1 1.18441 0.33385 
0.89733 0.86800 0.10060 1.22041 1.32063 12.49264 3639.0 9097.9 1.19966 0.33351 
0.89735 0.87600 0.10298 1.23231 1.33479 12.48191 3660.7 9152.0 1.21474 0.33319 
0.89736 0.88400 0.10540 1.24410 1.34883 12.47124 3682.3 9205.5 1.22969 0.33289 
0.89736 0.89200 0.10785 1.25576 1.36277 12.46070 3703.9 9258.6 1.24456 0.33261 
0.89735 0.90000 0.11033 1.26731 1.37659 12.45020 3725.2 9311.1 1.25930 0.33235 
0.89734 0.90800 0.11283 1.27872 1.39028 12.43971 3746.2 9363.2 1.27392 0.33209 
0.89732 0.91600 0.11537 1.29001 1.40386 12.42922 3766.9 9414.7 1.28840 0.33185 
0.89731 0.92400 0.11794 1.30117 1.41730 12.41868 3787.4 9465.7 1.30270 0.33159 
0.89730 0.93200 0.12053 1.31218 1.43059 12.40804 3807.6 9516.2 1.31680 0.33133 
0.89731 0.94000 0.12316 1.32306 1.44375 12.39735 3827.5 9566.1 1.33071 0.33108 
0.89732 0.94800 0.12581 1.33380 1.45677 12.38660 3847.2 9615.5 1.34442 0.33082 
0.89734 0.95600 0.12849 1.34441 1.46965 12.37580 3866.8 9664.4 1.35794 0.33056 
0.89737 0.96400 0.13121 1.35488 1.48240 12.36495 3886.1 9712.8 1.37127 0.33031 
0.89740 0.97200 0.13395 1.36523 1.49501 12.35409 3905.2 9760.7 1.38442 0.33006 
0.89744 0.98000 0.13672 1.37543 1.50747 12.34313 3924.1 9808.2 1.39738 0.32981 
0.89748 0.98800 0.13952 1.38552 1.51982 12.33220 3942.9 9855.3 1.41018 0.32957 
0.89752 0.99600 0.14235 1.39548 1.53204 12.32124 3961.4 9901.9 1.42279 0.32933 
0.89756 1.00400 0.14520 1.40531 1.54412 12.31027 3979.8 9948.0 1.43523 0.32910 
0.89760 1.01200 0.14809 1.41502 1.55608 12.29926 3998.1 9993.8 1.44750 0.32887 
0.89765 1.02000 0.15100 1.42461 1.56790 12.28823 4016.1 10039.1 1.45959 0.32865 
0.89770 1.02800 0.15395 1.43407 1.57960 12.27719 4034.0 10084.0 1.47150 0.32843 
0.89775 1.03600 0.15692 1.44341 1.59117 12.26611 4051.8 10128.5 1.48325 0.32822 
0.89781 1.04400 0.15992 1.45263 1.60260 12.25502 4069.3 10172.6 1.49482 0.32801 
0.89786 1.05200 0.16295 1.46173 1.61392 12.24390 4086.8 10216.3 1.50622 0.32781 
0.89792 1.06000 0.16601 1.47071 1.62510 12.23277 4104.1 10259.6 1.51745 0.32761 
0.89798 1.06800 0.16909 1.47957 1.63616 12.22161 4121.2 10302.6 1.52850 0.32742 
0.89805 1.07600 0.17220 1.48831 1.64709 12.21041 4138.1 10345.2 1.53938 0.32723 
0.89811 1.08400 0.17535 1.49694 1.65789 12.19919 4155.0 10387.4 1.55007 0.32704 
0.89818 1.09200 0.17852 1.50545 1.66857 12.18795 4171.6 10429.2 1.56059 0.32685 
0.89826 1.10000 0.18171 1.51384 1.67912 12.17670 4188.2 10470.7 1.57095 0.32667 
0.89833 1.10800 0.18494 1.52212 1.68955 12.16543 4204.6 10511.8 1.58113 0.32650 
0.89840 1.11600 0.18819 1.53029 1.69986 12.15416 4220.9 10552.6 1.59117 0.32633 
0.89847 1.12400 0.19147 1.53836 1.71006 12.14290 4237.0 10593.1 1.60105 0.32617 
0.89854 1.13200 0.19478 1.54632 1.72015 12.13169 4253.1 10633.4 1.61081 0.32602 
0.89860 1.14000 0.19812 1.55419 1.73013 12.12050 4269.1 10673.3 1.62045 0.32588 
0.89866 1.14800 0.20148 1.56195 1.74001 12.10935 4285.0 10713.0 1.62997 0.32575 
0.89871 1.15600 0.20487 1.56962 1.74978 12.09822 4300.8 10752.4 1.63936 0.32563 
0.89876 1.16400 0.20829 1.57718 1.75944 12.08711 4316.5 10791.5 1.64862 0.32552 
0.89880 1.17200 0.21173 1.58465 1.76899 12.07602 4332.1 10830.3 1.65775 0.32541 
0.89885 1.18000 0.21520 1.59201 1.77843 12.06491 4347.5 10868.9 1.66673 0.32531 
0.89890 1.18800 0.21870 1.59928 1.78776 12.05380 4362.8 10907.1 1.67556 0.32521 
0.89895 1.19600 0.22223 1.60644 1.79697 12.04264 4378.0 10944.9 1.68422 0.32511 
0.89900 1.20400 0.22578 1.61349 1.80606 12.03146 4393.0 10982.5 1.69270 0.32501 
0.89906 1.21200 0.22936 1.62044 1.81502 12.02025 4407.9 11019.7 1.70102 0.32491 
0.89912 1.22000 0.23296 1.62729 1.82388 12.00901 4422.7 11056.6 1.70916 0.32481 
0.89919 1.22800 0.23659 1.63404 1.83261 11.99776 4437.4 11093.2 1.71715 0.32471 
0.89926 1.23600 0.24025 1.64069 1.84124 11.98648 4451.9 11129.5 1.72498 0.32461 
0.89933 1.24400 0.24393 1.64724 1.84975 11.97520 4466.3 11165.5 1.73265 0.32451 
0.89941 1.25200 0.24764 1.65370 1.85815 11.96391 4480.6 11201.3 1.74016 0.32441 
0.89948 1.26000 0.25138 1.66006 1.86644 11.95261 4494.8 11236.8 1.74753 0.32432 
0.89956 1.26800 0.25514 1.66631 1.87460 11.94126 4508.9 11272.0 1.75473 0.32423 
0.89964 1.27600 0.25893 1.67249 1.88268 11.92997 4522.9 11307.0 1.76181 0.32414 
0.89972 1.28400 0.26274 1.67859 1.89065 11.91869 4536.8 11341.8 1.76875 0.32405 
0.89980 1.29200 0.26658 1.68459 1.89853 11.90742 4550.6 11376.2 1.77555 0.32397 
0.89988 1.30000 0.27045 1.69051 1.90630 11.89615 4564.3 11410.5 1.78222 0.32388 
0.89996 1.30800 0.27434 1.69634 1.91396 11.88488 4577.9 11444.4 1.78874 0.32380 
0.90005 1.31600 0.27825 1.70203 1.92146 11.87347 4591.3 11478.3 1.79508 0.32372 
0.90014 1.32400 0.28220 1.70769 1.92893 11.86220 4604.6 11511.8 1.80133 0.32364 
0.90022 1.33200 0.28616 1.71326 1.93629 11.85094 4617.9 11545.1 1.80745 0.32355 
0.90031 1.34000 0.29015 1.71875 1.94355 11.83970 4631.0 11578.2 1.81344 0.32347 
0.90040 1.34800 0.29417 1.72416 1.95072 11.82847 4644.1 11611.0 1.81930 0.32340 
0.90049 1.35600 0.29821 1.72949 1.95780 11.81724 4657.0 11643.6 1.82504 0.32332 
0.90058 1.36400 0.30227 1.73474 1.96478 11.80603 4669.9 11675.9 1.83065 0.32325 
0.90067 1.37200 0.30636 1.73991 1.97166 11.79483 4682.7 11708.1 1.83613 0.32317 
0.90076 1.38000 0.31048 1.74501 1.97846 11.78365 4695.4 11740.0 1.84150 0.32310 
0.90085 1.38800 0.31462 1.75003 1.98516 11.77249 4708.0 11771.7 1.84675 0.32303 
0.90094 1.39600 0.31878 1.75498 1.99178 11.76134 4720.6 11803.2 1.85189 0.32297 
0.90103 1.40400 0.32297 1.75985 1.99830 11.75022 4733.1 11834.5 1.85690 0.32290 
0.90113 1.41200 0.32718 1.76465 2.00474 11.73910 4745.5 11865.5 1.86180 0.32284 
0.90122 1.42000 0.33142 1.76937 2.01108 11.72801 4757.7 11896.4 1.86659 0.32277 
0.90131 1.42800 0.33568 1.77403 2.01734 11.71694 4769.9 11927.1 1.87127 0.32271 
0.90140 1.43600 0.33996 1.77862 2.02352 11.70588 4782.1 11957.5 1.87584 0.32265 
0.90150 1.44400 0.34427 1.78314 2.02961 11.69486 4794.2 11987.8 1.88030 0.32260 
0.90159 1.45200 0.34860 1.78759 2.03562 11.68385 4806.2 12017.8 1.88466 0.32254 
0.90168 1.46000 0.35296 1.79198 2.04155 11.67287 4818.1 12047.7 1.88891 0.32249 
0.90178 1.46800 0.35734 1.79629 2.04739 11.66190 4830.0 12077.3 1.89306 0.32243 
0.90187 1.47600 0.36174 1.80054 2.05315 11.65096 4841.7 12106.8 1.89710 0.32238 
0.90196 1.48400 0.36617 1.80473 2.05884 11.64004 4853.4 12136.1 1.90105 0.32233 
0.90206 1.49200 0.37061 1.80886 2.06444 11.62914 4865.0 12165.2 1.90489 0.32228 
0.90215 1.50000 0.37509 1.81292 2.06997 11.61827 4876.6 12194.2 1.90864 0.32223 
0.90224 1.50800 0.37958 1.81692 2.07542 11.60743 4888.0 12222.9 1.91230 0.32219 
0.90234 1.51600 0.38410 1.82086 2.08079 11.59661 4899.4 12251.4 1.91586 0.32214 
0.90243 1.52400 0.38864 1.82474 2.08609 11.58583 4910.8 12279.8 1.91933 0.32210 
0.90252 1.53200 0.39320 1.82855 2.09131 11.57507 4922.0 12308.0 1.92270 0.32205 
0.90262 1.54000 0.39779 1.83232 2.09646 11.56433 4933.2 12336.0 1.92599 0.32201 
0.90271 1.54800 0.40239 1.83602 2.10154 11.55363 4944.4 12363.9 1.92919 0.32197 
0.90280 1.55600 0.40702 1.83967 2.10655 11.54295 4955.5 12391.5 1.93230 0.32193 
0.90289 1.56400 0.41168 1.84326 2.11149 11.53230 4966.5 12419.1 1.93532 0.32190 
0.90299 1.57200 0.41635 1.84680 2.11635 11.52167 4977.4 12446.4 1.93827 0.32186 
0.90308 1.58000 0.42105 1.85028 2.12115 11.51108 4988.3 12473.6 1.94113 0.32183 
0.90317 1.58800 0.42577 1.85371 2.12588 11.50052 4999.1 12500.6 1.94391 0.32179 
0.90326 1.59600 0.43051 1.85709 2.13054 11.48999 5009.9 12527.4 1.94660 0.32176 
0.90335 1.60400 0.43527 1.86041 2.13514 11.47948 5020.6 12554.1 1.94922 0.32173 
0.90344 1.61200 0.44005 1.86368 2.13967 11.46901 5031.3 12580.7 1.95177 0.32170 
0.90353 1.62000 0.44486 1.86691 2.14414 11.45857 5041.9 12607.0 1.95423 0.32167 
0.90362 1.62800 0.44969 1.87011 2.14857 11.44822 5052.4 12633.2 1.95665 0.32163 
0.90371 1.63600 0.45454 1.87323 2.15291 11.43784 5062.8 12659.3 1.95896 0.32160 
0.90380 1.64400 0.45941 1.87630 2.15718 11.42748 5073.2 12685.2 1.96120 0.32158 
0.90389 1.65200 0.46430 1.87933 2.16139 11.41716 5083.5 12710.9 1.96337 0.32155 
0.90398 1.66000 0.46921 1.88231 2.16555 11.40687 5093.7 12736.6 1.96548 0.32152 
0.90407 1.66800 0.47414 1.88524 2.16964 11.39662 5104.0 12762.0 1.96751 0.32150 
0.90416 1.67600 0.47910 1.88813 2.17368 11.38640 5114.2 12787.3 1.96947 0.32148 
0.90424 1.68400 0.48408 1.89098 2.17765 11.37621 5124.3 12812.5 1.97137 0.32146 
0.90433 1.69200 0.48907 1.89377 2.18157 11.36605 5134.4 12837.5 1.97320 0.32144 
0.90442 1.70000 0.49409 1.89653 2.18543 11.35592 5144.5 12862.4 1.97497 0.32142 
0.90451 1.70800 0.49913 1.89924 2.18923 11.34583 5154.5 12887.1 1.97667 0.32140 
0.90459 1.71600 0.50419 1.90191 2.19298 11.33577 5164.4 12911.7 1.97831 0.32138 
0.90468 1.72400 0.50927 1.90454 2.19667 11.32575 5174.3 12936.2 1.97989 0.32137 
0.90477 1.73200 0.51436 1.90713 2.20031 11.31575 5184.1 12960.5 1.98141 0.32135 
0.90485 1.74000 0.51948 1.90967 2.20389 11.30579 5193.9 12984.7 1.98287 0.32133 
0.90494 1.74800 0.52462 1.91218 2.20742 11.29587 5203.6 13008.8 1.98427 0.32132 
0.90502 1.75600 0.52978 1.91464 2.21090 11.28598 5213.3 13032.7 1.98562 0.32131 
0.90511 1.76400 0.53496 1.91707 2.21433 11.27612 5222.9 13056.5 1.98691 0.32130 
0.90519 1.77200 0.54016 1.91945 2.21770 11.26629 5232.4 13080.2 1.98814 0.32128 
0.90527 1.78000 0.54538 1.92180 2.22102 11.25650 5241.9 13103.7 1.98932 0.32127 
0.90536 1.78800 0.55062 1.92411 2.22429 11.24675 5251.4 13127.1 1.99044 0.32126 
0.90544 1.79600 0.55588 1.92638 2.22752 11.23703 5260.8 13150.4 1.99152 0.32124 
0.90552 1.80400 0.56116 1.92862 2.23069 11.22734 5270.1 13173.6 1.99254 0.32123 
0.90560 1.81200 0.56645 1.93082 2.23382 11.21769 5279.4 13196.6 1.99351 0.32122 
0.90568 1.82000 0.57177 1.93299 2.23690 11.20808 5288.6 13219.6 1.99444 0.32121 
0.90576 1.82800 0.57711 1.93512 2.23994 11.19849 5297.7 13242.4 1.99532 0.32120 
0.90583 1.83600 0.58246 1.93722 2.24292 11.18895 5306.8 13265.1 1.99615 0.32119 
0.90591 1.84400 0.58783 1.93928 2.24587 11.17943 5315.9 13287.7 1.99693 0.32118 
0.90599 1.85200 0.59323 1.94131 2.24876 11.16995 5324.9 13310.2 1.99767 0.32116 
0.90607 1.86000 0.59864 1.94331 2.25162 11.16050 5333.8 13332.5 1.99836 0.32115 
0.90614 1.86800 0.60407 1.94527 2.25443 11.15108 5342.6 13354.8 1.99901 0.32114 
0.90622 1.87600 0.60952 1.94720 2.25720 11.14170 5351.5 13376.9 1.99961 0.32113 
0.90629 1.88400 0.61499 1.94910 2.25992 11.13236 5360.3 13398.9 2.00017 0.32112 
0.90637 1.89200 0.62048 1.95097 2.26260 11.12305 5369.0 13420.8 2.00069 0.32111 
0.90644 1.90000 0.62598 1.95281 2.26525 11.11377 5377.7 13442.6 2.00117 0.32111 
0.90651 1.90800 0.63151 1.95462 2.26785 11.10453 5386.4 13464.3 2.00161 0.32110 
0.90659 1.91600 0.63705 1.95640 2.27041 11.09532 5395.0 13485.9 2.00201 0.32109 
0.90666 1.92400 0.64261 1.95815 2.27293 11.08614 5403.5 13507.4 2.00237 0.32108 
0.90673 1.93200 0.64819 1.95987 2.27541 11.07699 5412.0 13528.8 2.00269 0.32107 
0.90680 1.94000 0.65379 1.96157 2.27785 11.06787 5420.4 13550.0 2.00297 0.32106 
0.90688 1.94800 0.65940 1.96323 2.28025 11.05879 5428.8 13571.2 2.00321 0.32105 
0.90695 1.95600 0.66504 1.96487 2.28262 11.04975 5437.2 13592.2 2.00342 0.32105 
0.90702 1.96400 0.67069 1.96647 2.28495 11.04073 5445.5 13613.2 2.00358 0.32104 
0.90709 1.97200 0.67636 1.96806 2.28724 11.03175 5453.8 13634.0 2.00372 0.32103 
0.90716 1.98000 0.68204 1.96961 2.28949 11.02280 5462.0 13654.7 2.00381 0.32102 
0.90723 1.98800 0.68775 1.97114 2.29171 11.01388 5470.2 13675.4 2.00387 0.32102 
0.90730 1.99600 0.69347 1.97264 2.29389 11.00500 5478.4 13695.9 2.00390 0.32101 
0.90737 2.00400 0.69921 1.97412 2.29603 10.99614 5486.5 13716.3 2.00389 0.32101 
0.90744 2.01200 0.70497 1.97557 2.29814 10.98732 5494.6 13736.6 2.00385 0.32100 
0.90751 2.02000 0.71074 1.97700 2.30022 10.97853 5502.6 13756.8 2.00378 0.32099 
0.90758 2.02800 0.71653 1.97840 2.30226 10.96977 5510.6 13776.9 2.00367 0.32099 
0.90764 2.03600 0.72234 1.97978 2.30426 10.96104 5518.6 13796.9 2.00353 0.32098 
0.90771 2.04400 0.72817 1.98113 2.30624 10.95235 5526.5 13816.8 2.00336 0.32098 
0.90778 2.05200 0.73401 1.98246 2.30818 10.94369 5534.4 13836.7 2.00316 0.32097 
0.90785 2.06000 0.73987 1.98376 2.31008 10.93506 5542.3 13856.4 2.00293 0.32097 
0.90791 2.06800 0.74574 1.98505 2.31196 10.92647 5550.1 13876.0 2.00267 0.32096 
0.90798 2.07600 0.75164 1.98631 2.31380 10.91790 5557.8 13895.5 2.00239 0.32096 
0.90804 2.08400 0.75755 1.98755 2.31561 10.90937 5565.6 13915.0 2.00207 0.32095 
0.90811 2.09200 0.76347 1.98876 2.31740 10.90087 5573.2 13934.3 2.00173 0.32095 
0.90818 2.10000 0.76941 1.98996 2.31915 10.89240 5580.9 13953.5 2.00136 0.32094 
0.90824 2.10800 0.77537 1.99113 2.32087 10.88396 5588.5 13972.7 2.00096 0.32094 
0.90831 2.11600 0.78135 1.99229 2.32256 10.87556 5596.1 13991.8 2.00054 0.32094 
0.90837 2.12400 0.78734 1.99342 2.32422 10.86718 5603.7 14010.7 2.00009 0.32093 
0.90843 2.13200 0.79335 1.99453 2.32586 10.85884 5611.2 14029.6 1.99961 0.32093 
0.90850 2.14000 0.79937 1.99562 2.32746 10.85052 5618.6 14048.4 1.99911 0.32092 
0.90856 2.14800 0.80541 1.99669 2.32904 10.84225 5626.1 14067.1 1.99859 0.32092 
0.90862 2.15600 0.81147 1.99774 2.33059 10.83400 5633.5 14085.7 1.99804 0.32092 
0.90869 2.16400 0.81754 1.99878 2.33211 10.82578 5640.9 14104.3 1.99747 0.32092 
0.90875 2.17200 0.82363 1.99979 2.33360 10.81759 5648.3 14122.7 1.99688 0.32091 
0.90881 2.18000 0.82973 2.00078 2.33507 10.80943 5655.6 14141.1 1.99627 0.32091 
0.90887 2.18800 0.83585 2.00176 2.33651 10.80131 5662.9 14159.4 1.99563 0.32091 
0.90893 2.19600 0.84199 2.00272 2.33793 10.79321 5670.1 14177.6 1.99497 0.32091 
0.90899 2.20400 0.84814 2.00366 2.33932 10.78515 5677.3 14195.7 1.99429 0.32090 
0.90906 2.21200 0.85431 2.00458 2.34068 10.77711 5684.5 14213.7 1.99359 0.32090 
0.90912 2.22000 0.86049 2.00548 2.34202 10.76911 5691.7 14231.7 1.99287 0.32090 
0.90918 2.22800 0.86669 2.00637 2.34334 10.76114 5698.8 14249.5 1.99213 0.32090 
0.90924 2.23600 0.87290 2.00724 2.34463 10.75320 5705.9 14267.3 1.99137 0.32089 
0.90929 2.24400 0.87913 2.00810 2.34589 10.74528 5712.9 14285.0 1.99059 0.32089 
0.90935 2.25200 0.88537 2.00893 2.34713 10.73740 5720.0 14302.7 1.98979 0.32089 
0.90941 2.26000 0.89163 2.00975 2.34835 10.72955 5727.0 14320.2 1.98897 0.32089 
0.90947 2.26800 0.89791 2.01056 2.34955 10.72173 5733.9 14337.7 1.98814 0.32089 
0.90953 2.27600 0.90420 2.01134 2.35072 10.71393 5740.8 14355.1 1.98728 0.32089 
0.90959 2.28400 0.91050 2.01212 2.35187 10.70617 5747.7 14372.4 1.98641 0.32088 
0.90964 2.29200 0.91682 2.01287 2.35299 10.69844 5754.6 14389.7 1.98553 0.32088 
0.90970 2.30000 0.92315 2.01362 2.35410 10.69073 5761.5 14406.8 1.98462 0.32088 
0.90976 2.30800 0.92950 2.01434 2.35518 10.68305 5768.3 14423.9 1.98370 0.32088 
0.90981 2.31600 0.93587 2.01506 2.35624 10.67541 5775.0 14440.9 1.98277 0.32088 
0.90987 2.32400 0.94225 2.01575 2.35728 10.66779 5781.8 14457.9 1.98181 0.32088 
0.90993 2.33200 0.94864 2.01644 2.35830 10.66020 5788.5 14474.8 1.98085 0.32088 
0.90998 2.34000 0.95505 2.01710 2.35930 10.65264 5795.2 14491.6 1.97986 0.32087 
0.91004 2.34800 0.96147 2.01776 2.36028 10.64511 5801.9 14508.3 1.97887 0.32087 
0.91009 2.35600 0.96790 2.01840 2.36124 10.63761 5808.5 14524.9 1.97785 0.32087 
0.91015 2.36400 0.97435 2.01903 2.36218 10.63014 5815.1 14541.5 1.97683 0.32087 
0.91020 2.37200 0.98082 2.01964 2.36309 10.62269 5821.7 14558.0 1.97579 0.32087 
0.91025 2.38000 0.98730 2.02024 2.36399 10.61527 5828.2 14574.5 1.97473 0.32087 
0.91031 2.38800 0.99379 2.02083 2.36487 10.60788 5834.8 14590.8 1.97366 0.32087 
0.91036 2.39600 1.00030 2.02140 2.36573 10.60052 5841.2 14607.1 1.97258 0.32087 
0.91042 2.40400 1.00682 2.02196 2.36657 10.59318 5847.7 14623.4 1.97149 0.32087 
0.91047 2.41200 1.01335 2.02251 2.36740 10.58588 5854.1 14639.5 1.97038 0.32086 
0.91052 2.42000 1.01990 2.02304 2.36820 10.57860 5860.6 14655.6 1.96927 0.32086 
0.91057 2.42800 1.02647 2.02357 2.36899 10.57135 5866.9 14671.6 1.96814 0.32086 
0.91062 2.43600 1.03304 2.02408 2.36976 10.56413 5873.3 14687.6 1.96700 0.32086 
0.91068 2.44400 1.03963 2.02458 2.37051 10.55694 5879.7 14703.5 1.96585 0.32086 
0.91073 2.45200 1.04623 2.02507 2.37125 10.54977 5886.0 14719.3 1.96468 0.32086 
0.91078 2.46000 1.05285 2.02554 2.37196 10.54263 5892.3 14735.0 1.96351 0.32086 
0.91083 2.46800 1.05948 2.02601 2.37266 10.53552 5898.5 14750.7 1.96232 0.32086 
0.91088 2.47600 1.06613 2.02646 2.37334 10.52844 5904.8 14766.3 1.96112 0.32086 
0.91093 2.48400 1.07278 2.02690 2.37401 10.52138 5911.0 14781.9 1.95992 0.32086 
0.91098 2.49200 1.07945 2.02734 2.37466 10.51435 5917.1 14797.4 1.95870 0.32086 
0.91103 2.50000 1.08614 2.02776 2.37529 10.50734 5923.3 14812.8 1.95747 0.32086 
0.91108 2.50800 1.09283 2.02817 2.37591 10.50037 5929.4 14828.2 1.95623 0.32086 
0.91113 2.51600 1.09955 2.02856 2.37651 10.49341 5935.5 14843.5 1.95499 0.32086 
0.91118 2.52400 1.10627 2.02895 2.37710 10.48649 5941.6 14858.7 1.95373 0.32086 
0.91123 2.53200 1.11301 2.02933 2.37767 10.47959 5947.7 14873.9 1.95247 0.32086 
0.91127 2.54000 1.11976 2.02970 2.37823 10.47271 5953.7 14889.0 1.95120 0.32086 
0.91132 2.54800 1.12652 2.03006 2.37877 10.46586 5959.7 14904.1 1.94991 0.32086 
0.91137 2.55600 1.13329 2.03041 2.37930 10.45904 5965.7 14919.0 1.94862 0.32086 
0.91142 2.56400 1.14008 2.03074 2.37981 10.45224 5971.7 14934.0 1.94733 0.32086 
0.91146 2.57200 1.14688 2.03107 2.38031 10.44547 5977.6 14948.9 1.94602 0.32086 
0.91151 2.58000 1.15370 2.03139 2.38079 10.43873 5983.5 14963.7 1.94471 0.32086 
0.91156 2.58800 1.16052 2.03170 2.38126 10.43201 5989.4 14978.4 1.94338 0.32085 
0.91160 2.59600 1.16736 2.03200 2.38172 10.42531 5995.3 14993.1 1.94205 0.32085 
0.91165 2.60400 1.17422 2.03229 2.38216 10.41864 6001.1 15007.7 1.94072 0.32085 
0.91170 2.61200 1.18108 2.03258 2.38259 10.41199 6006.9 15022.3 1.93937 0.32085 
0.91174 2.62000 1.18796 2.03285 2.38301 10.40538 6012.8 15036.8 1.93803 0.32086 
0.91179 2.62800 1.19485 2.03312 2.38341 10.39879 6018.6 15051.3 1.93667 0.32086 
0.91183 2.63600 1.20175 2.03337 2.38380 10.39221 6024.3 15065.7 1.93531 0.32086 
0.91188 2.64400 1.20866 2.03362 2.38417 10.38567 6030.0 15080.0 1.93393 0.32086 
0.91192 2.65200 1.21559 2.03386 2.38453 10.37915 6035.8 15094.3 1.93256 0.32085 
0.91197 2.66000 1.22253 2.03409 2.38489 10.37265 6041.4 15108.5 1.93117 0.32085 
0.91201 2.66800 1.22948 2.03431 2.38522 10.36617 6047.1 15122.7 1.92978 0.32085 
0.91205 2.67600 1.23644 2.03453 2.38555 10.35972 6052.8 15136.8 1.92839 0.32085 
0.91210 2.68400 1.24342 2.03474 2.38586 10.35330 6058.4 15150.9 1.92699 0.32085 
0.91214 2.69200 1.25040 2.03494 2.38617 10.34689 6064.0 15164.9 1.92558 0.32085 
0.91218 2.70000 1.25740 2.03513 2.38646 10.34052 6069.6 15178.9 1.92417 0.32085 
0.91223 2.70800 1.26441 2.03531 2.38674 10.33416 6075.1 15192.8 1.92275 0.32085 
0.91227 2.71600 1.27144 2.03549 2.38700 10.32783 6080.7 15206.6 1.92133 0.32085 
0.91231 2.72400 1.27847 2.03565 2.38726 10.32152 6086.2 15220.4 1.91990 0.32085 
0.91235 2.73200 1.28552 2.03582 2.38750 10.31524 6091.7 15234.2 1.91847 0.32085 
0.91240 2.74000 1.29258 2.03597 2.38774 10.30897 6097.2 15247.9 1.91703 0.32085 
0.91244 2.74800 1.29965 2.03612 2.38796 10.30273 6102.6 15261.5 1.91559 0.32085 
0.91248 2.75600 1.30673 2.03626 2.38817 10.29652 6108.1 15275.1 1.91415 0.32085 
0.91252 2.76400 1.31382 2.03639 2.38838 10.29033 6113.5 15288.6 1.91270 0.32085 
0.91256 2.77200 1.32093 2.03651 2.38857 10.28415 6118.9 15302.1 1.91124 0.32085 
0.91261 2.78000 1.32804 2.03663 2.38875 10.27799 6124.1 15315.6 1.90978 0.32084 
0.91265 2.78800 1.33517 2.03674 2.38892 10.27187 6129.5 15328.9 1.90832 0.32084 
0.91269 2.79600 1.34231 2.03685 2.38908 10.26576 6134.8 15342.3 1.90685 0.32084 
0.91273 2.80400 1.34946 2.03695 2.38922 10.25968 6140.1 15355.5 1.90538 0.32084 
0.91277 2.81200 1.35662 2.03704 2.38936 10.25362 6145.4 15368.8 1.90391 0.32084 
0.91281 2.82000 1.36380 2.03713 2.38949 10.24759 6150.7 15381.9 1.90243 0.32084 
0.91285 2.82800 1.37098 2.03721 2.38962 10.24157 6156.0 15395.1 1.90095 0.32084 
0.91290 2.83600 1.37818 2.03727 2.38971 10.23553 6160.7 15408.3 1.89943 0.32081 
0.91294 2.84400 1.38538 2.03733 2.38981 10.22955 6165.9 15421.3 1.89795 0.32081 
0.91298 2.85200 1.39260 2.03740 2.38991 10.22361 6171.1 15434.3 1.89646 0.32080 
0.91302 2.86000 1.39983 2.03745 2.38999 10.21768 6176.3 15447.2 1.89496 0.32080 
0.91304 2.86800 1.40707 2.03751 2.39008 10.21183 6182.0 15460.0 1.89350 0.32083 
0.91308 2.87600 1.41432 2.03756 2.39014 10.20595 6187.1 15472.8 1.89200 0.32083 
0.91312 2.88400 1.42158 2.03759 2.39020 10.20009 6192.2 15485.6 1.89049 0.32083 
0.91316 2.89200 1.42885 2.03763 2.39024 10.19424 6197.3 15498.4 1.88899 0.32083 
0.91320 2.90000 1.43613 2.03765 2.39028 10.18842 6202.4 15511.0 1.88748 0.32083 
0.91323 2.90800 1.44343 2.03768 2.39032 10.18265 6207.7 15523.6 1.88599 0.32084 
0.91327 2.91600 1.45073 2.03769 2.39034 10.17686 6212.6 15536.3 1.88447 0.32083 
0.91330 2.92400 1.45805 2.03770 2.39035 10.17110 6217.7 15548.8 1.88296 0.32083 
0.91334 2.93200 1.46537 2.03771 2.39035 10.16537 6222.7 15561.3 1.88144 0.32083 
0.91338 2.94000 1.47271 2.03771 2.39035 10.15965 6227.7 15573.8 1.87992 0.32083 
0.91341 2.94800 1.48005 2.03770 2.39034 10.15396 6232.6 15586.2 1.87840 0.32082 
0.91345 2.95600 1.48741 2.03769 2.39032 10.14828 6237.6 15598.6 1.87688 0.32082 
0.91349 2.96400 1.49478 2.03768 2.39029 10.14263 6242.5 15610.9 1.87536 0.32082 
0.91352 2.97200 1.50215 2.03765 2.39026 10.13699 6247.4 15623.2 1.87384 0.32082 
0.91356 2.98000 1.50954 2.03763 2.39022 10.13138 6252.3 15635.4 1.87231 0.32082 
0.91360 2.98800 1.51694 2.03759 2.39016 10.12575 6256.9 15647.7 1.87077 0.32080 
0.91364 2.99600 1.52435 2.03756 2.39011 10.12019 6261.9 15659.8 1.86924 0.32080 
0.91367 3.00400 1.53177 2.03752 2.39004 10.11463 6266.8 15671.9 1.86771 0.32080 
0.91371 3.01200 1.53920 2.03748 2.38997 10.10910 6271.6 15684.0 1.86618 0.32080 
0.91374 3.02000 1.54664 2.03743 2.38989 10.10358 6276.4 15696.0 1.86465 0.32080 
0.91378 3.02800 1.55409 2.03737 2.38981 10.09809 6281.2 15708.0 1.86311 0.32080 
0.91386 3.03600 1.56154 2.03728 2.38967 10.09243 6284.2 15720.3 1.86149 0.32070 
0.91384 3.04400 1.56901 2.03725 2.38961 10.08715 6290.8 15731.8 1.86004 0.32079 
0.91388 3.05200 1.57649 2.03719 2.38951 10.08172 6295.5 15743.7 1.85850 0.32079 
0.91391 3.06000 1.58398 2.03712 2.38939 10.07630 6300.2 15755.5 1.85696 0.32079 
0.91395 3.06800 1.59148 2.03704 2.38927 10.07090 6305.0 15767.3 1.85542 0.32078 
0.91398 3.07600 1.59899 2.03696 2.38914 10.06552 6309.6 15779.0 1.85388 0.32078 
0.91401 3.08400 1.60651 2.03688 2.38901 10.06015 6314.3 15790.7 1.85234 0.32078 
0.91405 3.09200 1.61404 2.03679 2.38887 10.05481 6319.0 15802.3 1.85080 0.32078 
0.91408 3.10000 1.62158 2.03670 2.38873 10.04949 6323.6 15813.9 1.84926 0.32077 
0.91411 3.10800 1.62913 2.03660 2.38857 10.04418 6328.3 15825.5 1.84771 0.32077 
0.91415 3.11600 1.63668 2.03650 2.38842 10.03889 6332.9 15837.0 1.84617 0.32077 
0.91418 3.12400 1.64425 2.03640 2.38825 10.03362 6337.5 15848.5 1.84463 0.32077 
0.91421 3.13200 1.65183 2.03629 2.38808 10.02837 6342.1 15859.9 1.84308 0.32076 
0.91424 3.14000 1.65942 2.03618 2.38790 10.02314 6346.6 15871.3 1.84154 0.32076 
0.91428 3.14800 1.66701 2.03607 2.38772 10.01792 6351.2 15882.7 1.83999 0.32076 
0.91431 3.15600 1.67462 2.03595 2.38753 10.01273 6355.7 15894.0 1.83845 0.32075 
0.91434 3.16400 1.68223 2.03583 2.38734 10.00755 6360.3 15905.3 1.83691 0.32075 
0.91437 3.17200 1.68986 2.03570 2.38714 10.00239 6364.8 15916.6 1.83536 0.32075 
0.91440 3.18000 1.69749 2.03557 2.38694 9.99724 6369.2 15927.8 1.83382 0.32074 
0.91443 3.18800 1.70514 2.03544 2.38673 9.99212 6373.7 15938.9 1.83227 0.32074 
0.91446 3.19600 1.71279 2.03530 2.38651 9.98701 6378.2 15950.1 1.83073 0.32074 
0.91450 3.20400 1.72045 2.03516 2.38629 9.98192 6382.6 15961.2 1.82918 0.32073 
0.91453 3.21200 1.72812 2.03502 2.38606 9.97685 6387.1 15972.2 1.82764 0.32073 
0.91456 3.22000 1.73580 2.03488 2.38583 9.97179 6391.5 15983.3 1.82609 0.32073 
0.91459 3.22800 1.74349 2.03473 2.38559 9.96676 6395.9 15994.2 1.82455 0.32072 
0.91462 3.23600 1.75119 2.03458 2.38535 9.96174 6400.3 16005.2 1.82300 0.32072 
0.91465 3.24400 1.75890 2.03462 2.38542 9.95710 6404.6 16015.6 1.82178 0.32071 
0.91468 3.25200 1.76662 2.03447 2.38517 9.95212 6409.0 16026.5 1.82024 0.32070 
0.91471 3.26000 1.77434 2.03431 2.38491 9.94715 6413.3 16037.3 1.81870 0.32070 
0.91474 3.26800 1.78208 2.03415 2.38466 9.94221 6417.6 16048.1 1.81716 0.32069 
0.91477 3.27600 1.78982 2.03398 2.38439 9.93727 6422.0 16058.9 1.81563 0.32069 
0.91479 3.28400 1.79758 2.03382 2.38414 9.93239 6426.5 16069.5 1.81411 0.32070 
0.91482 3.29200 1.80534 2.03365 2.38386 9.92749 6430.8 16080.2 1.81257 0.32069 
0.91485 3.30000 1.81311 2.03348 2.38359 9.92261 6435.0 16090.9 1.81104 0.32069 
0.91488 3.30800 1.82089 2.03330 2.38331 9.91775 6439.3 16101.5 1.80950 0.32069 
0.91491 3.31600 1.82868 2.03312 2.38302 9.91290 6443.5 16112.1 1.80797 0.32068 
0.91494 3.32400 1.83647 2.03294 2.38273 9.90807 6447.8 16122.6 1.80644 0.32068 
0.91496 3.33200 1.84428 2.03276 2.38244 9.90325 6452.0 16133.1 1.80491 0.32067 
0.91499 3.34000 1.85209 2.03257 2.38214 9.89845 6456.2 16143.6 1.80338 0.32067 
0.91502 3.34800 1.85992 2.03238 2.38184 9.89367 6460.4 16154.0 1.80185 0.32067 
0.91498 3.35600 1.86775 2.03224 2.38159 9.88917 6467.2 16163.9 1.80044 0.32080 
0.91501 3.36400 1.87559 2.03205 2.38128 9.88442 6471.4 16174.3 1.79892 0.32080 
0.91510 3.37200 1.88344 2.03179 2.38091 9.87942 6472.8 16185.1 1.79727 0.32065 
0.91513 3.38000 1.89130 2.03159 2.38059 9.87470 6477.0 16195.4 1.79574 0.32065 
0.91516 3.38800 1.89916 2.03139 2.38027 9.87001 6481.2 16205.7 1.79422 0.32065 
0.91519 3.39600 1.90704 2.03119 2.37994 9.86532 6485.3 16215.9 1.79270 0.32064 
0.91521 3.40400 1.91492 2.03098 2.37961 9.86065 6489.3 16226.1 1.79118 0.32064 
0.91526 3.41200 1.92281 2.03075 2.37925 9.85590 6492.4 16236.5 1.78961 0.32058 
0.91529 3.42000 1.93071 2.03054 2.37892 9.85126 6496.5 16246.6 1.78809 0.32058 
0.91532 3.42800 1.93862 2.03032 2.37857 9.84663 6500.5 16256.7 1.78657 0.32057 
0.91530 3.43600 1.94653 2.03014 2.37827 9.84221 6506.5 16266.4 1.78513 0.32067 
0.91532 3.44400 1.95446 2.02993 2.37792 9.83761 6510.5 16276.4 1.78362 0.32066 
0.91535 3.45200 1.96239 2.02971 2.37757 9.83303 6514.5 16286.4 1.78210 0.32065 
0.91538 3.46000 1.97033 2.02948 2.37721 9.82847 6518.5 16296.4 1.78059 0.32065 
0.91540 3.46800 1.97828 2.02926 2.37685 9.82392 6522.5 16306.3 1.77908 0.32064 
0.91543 3.47600 1.98624 2.02903 2.37649 9.81939 6526.5 16316.3 1.77757 0.32064 
0.91545 3.48400 1.99421 2.02880 2.37612 9.81487 6530.4 16326.1 1.77606 0.32063 
0.91548 3.49200 2.00218 2.02857 2.37575 9.81036 6534.4 16336.0 1.77455 0.32063 
0.91555 3.50000 2.01016 2.02830 2.37534 9.80569 6536.4 16346.2 1.77296 0.32053 
0.91558 3.50800 2.01815 2.02806 2.37496 9.80121 6540.3 16355.9 1.77146 0.32052 
0.91561 3.51600 2.02615 2.02782 2.37458 9.79675 6544.2 16365.7 1.76995 0.32051 
0.91561 3.52400 2.03415 2.02761 2.37424 9.79241 6549.1 16375.2 1.76851 0.32056 
0.91563 3.53200 2.04216 2.02737 2.37385 9.78798 6553.0 16384.9 1.76701 0.32055 
0.91566 3.54000 2.05018 2.02713 2.37346 9.78356 6556.9 16394.6 1.76551 0.32055 
0.91568 3.54800 2.05821 2.02688 2.37307 9.77915 6560.7 16404.2 1.76402 0.32054 
0.91571 3.55600 2.06625 2.02664 2.37268 9.77477 6564.6 16413.8 1.76252 0.32054 
0.91573 3.56400 2.07429 2.02639 2.37228 9.77039 6568.4 16423.4 1.76103 0.32053 
0.91575 3.57200 2.08235 2.02614 2.37188 9.76603 6572.2 16432.9 1.75954 0.32052 
0.91578 3.58000 2.09041 2.02508 2.37026 9.76029 6576.1 16444.3 1.75698 0.32058 
0.91580 3.58800 2.09847 2.02482 2.36984 9.75595 6579.9 16453.8 1.75548 0.32058 
0.91583 3.59600 2.10655 2.02455 2.36942 9.75162 6583.7 16463.2 1.75398 0.32057 
0.91585 3.60400 2.11463 2.02429 2.36900 9.74730 6587.5 16472.7 1.75249 0.32056 
0.91588 3.61200 2.12272 2.02402 2.36857 9.74300 6591.3 16482.1 1.75099 0.32056 
0.91590 3.62000 2.13082 2.02376 2.36814 9.73871 6595.0 16491.5 1.74950 0.32055 
0.91592 3.62800 2.13893 2.02349 2.36771 9.73444 6598.8 16500.8 1.74800 0.32055 
0.91595 3.63600 2.14704 2.02322 2.36728 9.73018 6602.5 16510.1 1.74651 0.32054 
0.91597 3.64400 2.15516 2.02294 2.36684 9.72593 6606.2 16519.4 1.74502 0.32053 
0.91599 3.65200 2.16329 2.02267 2.36640 9.72170 6609.9 16528.7 1.74354 0.32053 
0.91602 3.66000 2.17143 2.02239 2.36596 9.71747 6613.6 16537.9 1.74205 0.32052 
0.91604 3.66800 2.17957 2.02212 2.36552 9.71327 6617.3 16547.1 1.74057 0.32051 
0.91606 3.67600 2.18772 2.02184 2.36507 9.70907 6621.0 16556.3 1.73909 0.32051 
0.91609 3.68400 2.19588 2.02156 2.36462 9.70489 6624.6 16565.4 1.73761 0.32050 
0.91611 3.69200 2.20405 2.02127 2.36417 9.70073 6628.3 16574.6 1.73613 0.32049 
0.91613 3.70000 2.21222 2.02099 2.36372 9.69658 6632.0 16583.6 1.73466 0.32049 
0.91616 3.70800 2.22040 2.02071 2.36326 9.69244 6635.6 16592.7 1.73319 0.32048 
0.91618 3.71600 2.22859 2.02042 2.36280 9.68831 6639.2 16601.7 1.73171 0.32048 
0.91620 3.72400 2.23678 2.02014 2.36234 9.68420 6642.8 16610.7 1.73025 0.32047 
0.91622 3.73200 2.24498 2.01985 2.36188 9.68009 6646.4 16619.7 1.72878 0.32046 
0.91625 3.74000 2.25319 2.01956 2.36141 9.67601 6650.0 16628.7 1.72731 0.32045 
0.91627 3.74800 2.26141 2.01927 2.36095 9.67193 6653.6 16637.6 1.72585 0.32045 
0.91629 3.75600 2.26963 2.01897 2.36048 9.66787 6657.1 16646.5 1.72439 0.32044 
0.91631 3.76400 2.27786 2.01868 2.36001 9.66382 6660.7 16655.4 1.72293 0.32043 
0.91633 3.77200 2.28610 2.01839 2.35953 9.65979 6664.2 16664.2 1.72147 0.32043 
0.91635 3.78000 2.29435 2.01809 2.35906 9.65576 6667.8 16673.0 1.72002 0.32042 
0.91637 3.78800 2.30260 2.01781 2.35860 9.65180 6671.6 16681.7 1.71860 0.32043 
0.91639 3.79600 2.31086 2.01751 2.35813 9.64780 6675.1 16690.5 1.71715 0.32042 
0.91641 3.80400 2.31912 2.01720 2.35762 9.64380 6678.7 16699.2 1.71569 0.32042 
0.91643 3.81200 2.32740 2.01689 2.35713 9.63983 6682.2 16708.0 1.71425 0.32042 
0.91645 3.82000 2.33568 2.01659 2.35665 9.63586 6685.7 16716.6 1.71280 0.32041 
0.91647 3.82800 2.34396 2.01629 2.35616 9.63191 6689.2 16725.3 1.71136 0.32040 
0.91651 3.83600 2.35226 2.01707 2.35734 9.62974 6691.5 16731.7 1.71143 0.32028 
0.91654 3.84400 2.36056 2.01678 2.35686 9.62583 6694.9 16740.2 1.71001 0.32027 
0.91655 3.85200 2.36887 2.01535 2.35467 9.62010 6698.9 16751.2 1.70706 0.32036 
0.91657 3.86000 2.37718 2.01504 2.35417 9.61619 6702.4 16759.8 1.70562 0.32035 
0.91659 3.86800 2.38550 2.01473 2.35366 9.61230 6705.8 16768.3 1.70418 0.32035 
0.91661 3.87600 2.39383 2.01441 2.35316 9.60842 6709.2 16776.8 1.70274 0.32034 
0.91662 3.88400 2.40216 2.01528 2.35446 9.60649 6712.7 16782.7 1.70292 0.32026 
0.91664 3.89200 2.41050 2.01498 2.35397 9.60266 6716.1 16791.1 1.70151 0.32025 
0.91666 3.90000 2.41885 2.01468 2.35348 9.59883 6719.4 16799.5 1.70011 0.32025 
0.91668 3.90800 2.42721 2.01438 2.35300 9.59502 6722.8 16807.9 1.69870 0.32024 
0.91670 3.91600 2.43557 2.01407 2.35251 9.59122 6726.2 16816.3 1.69730 0.32023 
0.91672 3.92400 2.44394 2.01377 2.35201 9.58743 6729.5 16824.6 1.69590 0.32022 
0.91671 3.93200 2.45231 2.01350 2.35156 9.58379 6734.2 16832.6 1.69458 0.32028 
0.91673 3.94000 2.46069 2.01319 2.35107 9.58002 6737.6 16840.9 1.69319 0.32028 
0.91678 3.94800 2.46908 2.01285 2.35053 9.57613 6739.4 16849.5 1.69172 0.32020 
0.91680 3.95600 2.47748 2.01254 2.35004 9.57238 6742.7 16857.7 1.69033 0.32019 
0.91682 3.96400 2.48588 2.01223 2.34954 9.56865 6746.0 16865.9 1.68894 0.32018 
0.91684 3.97200 2.49428 2.01192 2.34904 9.56493 6749.3 16874.1 1.68756 0.32017 
0.91686 3.98000 2.50270 2.01161 2.34853 9.56123 6752.6 16882.3 1.68618 0.32016 
0.91688 3.98800 2.51112 2.01129 2.34802 9.55752 6755.9 16890.4 1.68477 0.32016 
0.91690 3.99600 2.51955 2.01098 2.34752 9.55383 6759.2 16898.5 1.68339 0.32015