ratio e_15 p_15 M M_0 r_star spin Omega_K I J/M^2 
0.66533 0.20000 0.00198 0.12647 0.12608 53.51302 330.9 330.8 0.07406 0.17432 
0.66505 0.20800 0.00218 0.13244 0.13210 47.20622 408.7 408.6 0.07565 0.20054 
0.66473 0.21600 0.00239 0.13882 0.13852 42.42382 491.1 491.1 0.07801 0.22622 
0.66436 0.22400 0.00261 0.14555 0.14531 38.73783 576.4 576.3 0.08102 0.25081 
0.66397 0.23200 0.00285 0.15269 0.15252 35.77350 665.2 665.2 0.08456 0.27451 
0.66354 0.24000 0.00311 0.16028 0.16019 33.32057 758.2 758.1 0.08858 0.29747 
0.66302 0.24800 0.00339 0.16842 0.16843 31.23401 856.4 856.4 0.09322 0.32024 
0.66234 0.25600 0.00368 0.17697 0.17709 29.51040 956.0 956.0 0.09845 0.34194 
0.66164 0.26400 0.00399 0.18576 0.18601 28.10728 1053.8 1053.8 0.10402 0.36146 
0.66095 0.27200 0.00431 0.19518 0.19557 26.84840 1157.1 1157.1 0.11014 0.38067 
0.66001 0.28000 0.00466 0.20504 0.20561 25.77427 1261.0 1261.1 0.11703 0.39943 
0.65910 0.28800 0.00502 0.21512 0.21587 24.87575 1362.8 1362.5 0.12402 0.41558 
0.65808 0.29600 0.00541 0.22594 0.22691 24.04675 1469.3 1469.5 0.13209 0.43263 
0.65699 0.30400 0.00581 0.23688 0.23807 23.36226 1571.9 1571.6 0.14022 0.44696 
0.65580 0.31200 0.00624 0.24852 0.24999 22.72542 1678.0 1678.3 0.14947 0.46207 
0.65460 0.32000 0.00668 0.26032 0.26207 22.19093 1780.8 1780.4 0.15870 0.47451 
0.65319 0.32800 0.00715 0.27278 0.27487 21.69553 1885.8 1886.0 0.16921 0.48793 
0.65186 0.33600 0.00764 0.28542 0.28785 21.27140 1987.8 1987.6 0.17972 0.49897 
0.65038 0.34400 0.00815 0.29867 0.30150 20.88065 2091.2 2091.2 0.19134 0.51041 
0.64886 0.35200 0.00868 0.31218 0.31543 20.53850 2192.1 2192.2 0.20339 0.52059 
0.64733 0.36000 0.00924 0.32598 0.32969 20.23471 2291.6 2291.5 0.21590 0.52978 
0.64571 0.36800 0.00982 0.34042 0.34464 19.95056 2392.4 2392.7 0.22956 0.53926 
0.64406 0.37600 0.01042 0.35500 0.35976 19.70428 2490.2 2490.1 0.24346 0.54736 
0.64238 0.38400 0.01105 0.36986 0.37519 19.48452 2586.1 2585.6 0.25792 0.55480 
0.64070 0.39200 0.01170 0.38535 0.39131 19.27324 2683.0 2683.8 0.27370 0.56269 
0.63893 0.40000 0.01237 0.40097 0.40760 19.09155 2777.3 2777.7 0.28967 0.56936 
0.63715 0.40800 0.01307 0.41682 0.42416 18.92984 2869.8 2869.2 0.30608 0.57527 
0.63545 0.41600 0.01380 0.43304 0.44114 18.77807 2961.4 2961.0 0.32340 0.58110 
0.63369 0.42400 0.01455 0.44971 0.45863 18.63554 3052.5 3053.3 0.34180 0.58703 
0.63185 0.43200 0.01532 0.46645 0.47623 18.51305 3141.3 3141.5 0.36039 0.59203 
0.63004 0.44000 0.01613 0.48345 0.49413 18.40124 3228.6 3228.4 0.37957 0.59663 
0.62839 0.44800 0.01695 0.50060 0.51222 18.29670 3314.2 3314.2 0.39920 0.60073 
0.62651 0.45600 0.01781 0.51827 0.53092 18.20051 3399.9 3400.2 0.42025 0.60527 
0.62471 0.46400 0.01869 0.53599 0.54970 18.11349 3483.8 3483.8 0.44146 0.60914 
0.62301 0.47200 0.01960 0.55386 0.56869 18.03325 3566.0 3566.0 0.46314 0.61260 
0.62136 0.48000 0.02053 0.57193 0.58792 17.95829 3647.0 3647.4 0.48545 0.61584 
0.61968 0.48800 0.02149 0.59001 0.60720 17.89288 3726.0 3725.7 0.50791 0.61857 
0.61783 0.49600 0.02248 0.60842 0.62689 17.83455 3804.5 3802.9 0.53147 0.62150 
0.61619 0.50400 0.02350 0.62714 0.64694 17.77280 3882.3 3882.2 0.55603 0.62453 
0.61460 0.51200 0.02454 0.64577 0.66695 17.71798 3958.2 3958.6 0.58051 0.62697 
0.61299 0.52000 0.02561 0.66446 0.68707 17.66903 4032.8 4033.0 0.60534 0.62915 
0.61146 0.52800 0.02671 0.68333 0.70742 17.62102 4106.5 4107.3 0.63086 0.63130 
0.60983 0.53600 0.02784 0.70219 0.72781 17.58048 4178.9 4178.7 0.65657 0.63316 
0.60824 0.54400 0.02900 0.72101 0.74820 17.54390 4249.7 4248.0 0.68239 0.63474 
0.60682 0.55200 0.03018 0.74001 0.76883 17.50470 4319.9 4318.7 0.70899 0.63639 
0.60542 0.56000 0.03140 0.75924 0.78977 17.46524 4389.6 4390.2 0.73660 0.63824 
0.60393 0.56800 0.03264 0.77845 0.81072 17.43198 4458.2 4458.7 0.76435 0.63985 
0.60250 0.57600 0.03391 0.79753 0.83158 17.40124 4525.3 4525.4 0.79199 0.64115 
0.60116 0.58400 0.03521 0.81657 0.85246 17.37109 4591.3 4591.4 0.81982 0.64232 
0.59982 0.59200 0.03654 0.83570 0.87347 17.34311 4656.4 4656.4 0.84815 0.64344 
0.59853 0.60000 0.03789 0.85482 0.89452 17.31513 4720.8 4721.1 0.87680 0.64456 
0.59730 0.60800 0.03928 0.87384 0.91551 17.28781 4784.2 4784.9 0.90549 0.64552 
0.59612 0.61600 0.04070 0.89275 0.93642 17.26205 4846.4 4847.2 0.93407 0.64630 
0.59492 0.62400 0.04214 0.91158 0.95729 17.23877 4907.8 4907.9 0.96274 0.64699 
0.59370 0.63200 0.04362 0.93044 0.97824 17.21677 4968.5 4967.9 0.99186 0.64773 
0.59254 0.64000 0.04513 0.94935 0.99931 17.19358 5028.8 5028.4 1.02156 0.64857 
0.59144 0.64800 0.04666 0.96824 1.02041 17.17016 5088.2 5088.7 1.05154 0.64940 
0.59039 0.65600 0.04822 0.98697 1.04137 17.14717 5146.8 5147.9 1.08132 0.65009 
0.58938 0.66400 0.04982 1.00553 1.06219 17.12495 5204.5 5206.0 1.11089 0.65065 
0.58837 0.67200 0.05144 1.02396 1.08290 17.10421 5261.4 5262.7 1.14037 0.65112 
0.58734 0.68000 0.05310 1.04228 1.10354 17.08535 5317.4 5317.9 1.16983 0.65154 
0.58635 0.68800 0.05478 1.06051 1.12413 17.06616 5372.9 5372.9 1.19941 0.65198 
0.58542 0.69600 0.05649 1.07866 1.14467 17.04601 5427.8 5427.8 1.22907 0.65240 
0.58453 0.70400 0.05824 1.09670 1.16514 17.02560 5482.0 5482.4 1.25877 0.65282 
0.58366 0.71200 0.06001 1.11458 1.18546 17.00577 5535.5 5536.0 1.28826 0.65317 
0.58279 0.72000 0.06181 1.13230 1.20566 16.98689 5588.3 5588.5 1.31757 0.65346 
0.58195 0.72800 0.06365 1.14984 1.22569 16.96838 5640.5 5640.1 1.34666 0.65371 
0.58114 0.73600 0.06551 1.16721 1.24558 16.94954 5692.0 5691.2 1.37553 0.65391 
0.58039 0.74400 0.06740 1.18443 1.26533 16.93033 5742.9 5741.9 1.40422 0.65408 
0.57968 0.75200 0.06933 1.20152 1.28497 16.91042 5793.2 5792.5 1.43282 0.65425 
0.57900 0.76000 0.07128 1.21851 1.30456 16.88994 5843.2 5843.0 1.46154 0.65447 
0.57832 0.76800 0.07327 1.23541 1.32408 16.86958 5892.6 5893.2 1.49032 0.65472 
0.57763 0.77600 0.07528 1.25218 1.34350 16.85017 5941.5 5942.5 1.51906 0.65498 
0.57692 0.78400 0.07732 1.26876 1.36274 16.83164 5989.9 5990.6 1.54749 0.65521 
0.57624 0.79200 0.07940 1.28514 1.38179 16.81310 6037.8 6038.1 1.57557 0.65539 
0.57560 0.80000 0.08150 1.30133 1.40065 16.79412 6085.1 6085.2 1.60331 0.65554 
0.57500 0.80800 0.08364 1.31732 1.41933 16.77472 6131.9 6131.9 1.63072 0.65566 
0.57443 0.81600 0.08580 1.33309 1.43778 16.75475 6178.3 6178.4 1.65777 0.65579 
0.57388 0.82400 0.08799 1.34870 1.45610 16.73489 6224.2 6224.3 1.68458 0.65588 
0.57336 0.83200 0.09022 1.36415 1.47425 16.71514 6269.5 6269.5 1.71107 0.65594 
0.57284 0.84000 0.09247 1.37941 1.49222 16.69524 6314.4 6314.4 1.73728 0.65600 
0.57234 0.84800 0.09476 1.39450 1.51004 16.67558 6358.8 6358.7 1.76323 0.65605 
0.57185 0.85600 0.09707 1.40944 1.52771 16.65590 6402.8 6402.6 1.78897 0.65610 
0.57137 0.86400 0.09941 1.42420 1.54521 16.63599 6446.5 6446.1 1.81445 0.65617 
0.57092 0.87200 0.10179 1.43881 1.56257 16.61586 6489.7 6489.4 1.83971 0.65624 
0.57049 0.88000 0.10419 1.45322 1.57973 16.59549 6532.6 6532.4 1.86465 0.65630 
0.57008 0.88800 0.10662 1.46745 1.59670 16.57502 6575.0 6575.0 1.88922 0.65635 
0.56968 0.89600 0.10909 1.48149 1.61348 16.55450 6617.0 6617.1 1.91344 0.65640 
0.56930 0.90400 0.11158 1.49535 1.63009 16.53396 6658.6 6658.7 1.93730 0.65642 
0.56893 0.91200 0.11410 1.50902 1.64649 16.51312 6699.8 6700.1 1.96080 0.65644 
0.56859 0.92000 0.11665 1.52250 1.66271 16.49220 6740.7 6741.1 1.98394 0.65646 
0.56825 0.92800 0.11923 1.53580 1.67874 16.47126 6781.2 6781.8 2.00675 0.65647 
0.56791 0.93600 0.12184 1.54892 1.69459 16.45054 6821.3 6821.8 2.02919 0.65648 
0.56758 0.94400 0.12448 1.56186 1.71024 16.43003 6861.1 6861.3 2.05128 0.65648 
0.56725 0.95200 0.12715 1.57464 1.72573 16.40973 6900.5 6900.3 2.07303 0.65647 
0.56693 0.96000 0.12985 1.58723 1.74102 16.38934 6939.6 6939.0 2.09441 0.65646 
0.56663 0.96800 0.13257 1.59963 1.75612 16.36875 6978.4 6977.4 2.11544 0.65645 
0.56635 0.97600 0.13533 1.61187 1.77104 16.34792 7016.8 7015.6 2.13612 0.65644 
0.56608 0.98400 0.13811 1.62394 1.78579 16.32690 7055.0 7053.6 2.15652 0.65644 
0.56582 0.99200 0.14093 1.63588 1.80040 16.30585 7092.8 7091.3 2.17668 0.65644 
0.56557 1.00000 0.14377 1.64764 1.81483 16.28457 7130.3 7128.9 2.19655 0.65646 
0.56533 1.00800 0.14664 1.65925 1.82909 16.26322 7167.5 7166.2 2.21614 0.65649 
0.56510 1.01600 0.14954 1.67071 1.84320 16.24183 7204.5 7203.3 2.23545 0.65653 
0.56489 1.02400 0.15247 1.68201 1.85714 16.22032 7241.1 7240.2 2.25447 0.65657 
0.56468 1.03200 0.15543 1.69316 1.87092 16.19872 7277.5 7276.9 2.27319 0.65662 
0.56448 1.04000 0.15842 1.70414 1.88451 16.17706 7313.6 7313.3 2.29154 0.65666 
0.56429 1.04800 0.16143 1.71494 1.89791 16.15540 7349.4 7349.3 2.30949 0.65669 
0.56412 1.05600 0.16447 1.72560 1.91115 16.13380 7384.9 7385.0 2.32712 0.65671 
0.56394 1.06400 0.16755 1.73607 1.92420 16.11215 7420.2 7420.4 2.34437 0.65673 
0.56378 1.07200 0.17064 1.74639 1.93706 16.09049 7455.1 7455.6 2.36126 0.65675 
0.56362 1.08000 0.17377 1.75655 1.94976 16.06882 7489.8 7490.4 2.37782 0.65677 
0.56347 1.08800 0.17693 1.76655 1.96227 16.04720 7524.3 7525.0 2.39402 0.65679 
0.56333 1.09600 0.18011 1.77640 1.97461 16.02562 7558.4 7559.2 2.40986 0.65680 
0.56319 1.10400 0.18332 1.78609 1.98678 16.00402 7592.4 7593.2 2.42540 0.65681 
0.56306 1.11200 0.18656 1.79564 1.99879 15.98241 7626.0 7626.9 2.44063 0.65683 
0.56294 1.12000 0.18983 1.80503 2.01063 15.96081 7659.4 7660.4 2.45553 0.65684 
0.56282 1.12800 0.19312 1.81429 2.02231 15.93923 7692.6 7693.6 2.47013 0.65685 
0.56270 1.13600 0.19645 1.82340 2.03383 15.91767 7725.5 7726.6 2.48441 0.65687 
0.56260 1.14400 0.19979 1.83236 2.04518 15.89612 7758.2 7759.3 2.49838 0.65688 
0.56249 1.15200 0.20317 1.84119 2.05638 15.87463 7790.7 7791.8 2.51204 0.65689 
0.56239 1.16000 0.20657 1.84989 2.06743 15.85329 7822.9 7823.9 2.52542 0.65690 
0.56230 1.16800 0.21000 1.85844 2.07831 15.83189 7854.9 7855.9 2.53848 0.65691 
0.56221 1.17600 0.21346 1.86685 2.08904 15.81050 7886.6 7887.6 2.55125 0.65692 
0.56212 1.18400 0.21695 1.87514 2.09962 15.78915 7918.2 7919.1 2.56373 0.65693 
0.56204 1.19200 0.22046 1.88329 2.11004 15.76783 7949.5 7950.4 2.57593 0.65695 
0.56197 1.20000 0.22400 1.89131 2.12032 15.74654 7980.6 7981.5 2.58785 0.65696 
0.56190 1.20800 0.22756 1.89920 2.13044 15.72526 8011.5 8012.3 2.59948 0.65697 
0.56183 1.21600 0.23115 1.90697 2.14042 15.70401 8042.2 8043.0 2.61085 0.65699 
0.56177 1.22400 0.23477 1.91462 2.15027 15.68279 8072.7 8073.5 2.62198 0.65701 
0.56171 1.23200 0.23842 1.92215 2.15997 15.66159 8103.0 8103.8 2.63288 0.65704 
0.56166 1.24000 0.24209 1.92957 2.16955 15.64043 8133.1 8133.9 2.64352 0.65706 
0.56161 1.24800 0.24579 1.93686 2.17898 15.61934 8163.0 8163.8 2.65391 0.65709 
0.56156 1.25600 0.24951 1.94404 2.18827 15.59826 8192.7 8193.6 2.66404 0.65712 
0.56152 1.26400 0.25326 1.95110 2.19743 15.57721 8222.1 8223.1 2.67394 0.65715 
0.56148 1.27200 0.25703 1.95805 2.20645 15.55620 8251.4 8252.5 2.68359 0.65718 
0.56144 1.28000 0.26083 1.96491 2.21537 15.53536 8280.5 8281.6 2.69303 0.65720 
0.56141 1.28800 0.26466 1.97164 2.22413 15.51446 8309.4 8310.6 2.70221 0.65724 
0.56138 1.29600 0.26851 1.97826 2.23276 15.49359 8338.1 8339.4 2.71114 0.65727 
0.56136 1.30400 0.27239 1.98476 2.24126 15.47278 8366.7 8368.0 2.71982 0.65730 
0.56134 1.31200 0.27629 1.99116 2.24962 15.45205 8395.0 8396.4 2.72826 0.65733 
0.56132 1.32000 0.28022 1.99745 2.25786 15.43139 8423.2 8424.6 2.73647 0.65736 
0.56130 1.32800 0.28418 2.00363 2.26596 15.41081 8451.1 8452.6 2.74444 0.65739 
0.56128 1.33600 0.28815 2.00971 2.27395 15.39030 8478.9 8480.4 2.75219 0.65742 
0.56127 1.34400 0.29216 2.01569 2.28181 15.36988 8506.6 8508.0 2.75972 0.65745 
0.56126 1.35200 0.29619 2.02157 2.28956 15.34951 8534.0 8535.4 2.76704 0.65747 
0.56125 1.36000 0.30024 2.02736 2.29718 15.32920 8561.3 8562.7 2.77416 0.65750 
0.56124 1.36800 0.30432 2.03305 2.30470 15.30896 8588.4 8589.8 2.78108 0.65754 
0.56124 1.37600 0.30842 2.03864 2.31209 15.28882 8615.4 8616.7 2.78779 0.65757 
0.56123 1.38400 0.31255 2.04414 2.31938 15.26880 8642.1 8643.4 2.79431 0.65760 
0.56123 1.39200 0.31670 2.04955 2.32654 15.24881 8668.8 8669.9 2.80062 0.65763 
0.56123 1.40000 0.32087 2.05487 2.33360 15.22888 8695.2 8696.3 2.80674 0.65766 
0.56123 1.40800 0.32507 2.06009 2.34055 15.20902 8721.5 8722.6 2.81268 0.65770 
0.56123 1.41600 0.32930 2.06524 2.34739 15.18922 8747.6 8748.6 2.81844 0.65773 
0.56124 1.42400 0.33355 2.07029 2.35413 15.16948 8773.6 8774.6 2.82401 0.65776 
0.56125 1.43200 0.33782 2.07526 2.36075 15.14980 8799.4 8800.4 2.82941 0.65780 
0.56126 1.44000 0.34211 2.08014 2.36728 15.13019 8825.1 8826.0 2.83463 0.65783 
0.56127 1.44800 0.34643 2.08495 2.37370 15.11065 8850.6 8851.5 2.83968 0.65787 
0.56129 1.45600 0.35078 2.08969 2.38005 15.09128 8875.9 8876.7 2.84459 0.65789 
0.56130 1.46400 0.35515 2.09433 2.38627 15.07188 8901.1 8901.9 2.84931 0.65793 
0.56132 1.47200 0.35954 2.09889 2.39239 15.05256 8926.1 8926.9 2.85385 0.65796 
0.56134 1.48000 0.36395 2.10337 2.39841 15.03330 8951.0 8951.8 2.85822 0.65800 
0.56136 1.48800 0.36839 2.10778 2.40433 15.01411 8975.8 8976.6 2.86244 0.65803 
0.56138 1.49600 0.37285 2.11211 2.41017 14.99499 9000.4 9001.2 2.86650 0.65806 
0.56141 1.50400 0.37733 2.11636 2.41590 14.97595 9024.9 9025.6 2.87041 0.65810 
0.56143 1.51200 0.38184 2.12054 2.42154 14.95700 9049.2 9049.9 2.87417 0.65813 
0.56146 1.52000 0.38636 2.12465 2.42710 14.93812 9073.3 9074.1 2.87778 0.65817 
0.56149 1.52800 0.39092 2.12869 2.43256 14.91933 9097.4 9098.1 2.88124 0.65820 
0.56152 1.53600 0.39549 2.13266 2.43793 14.90061 9121.3 9122.0 2.88456 0.65824 
0.56155 1.54400 0.40009 2.13655 2.44322 14.88197 9145.1 9145.7 2.88774 0.65827 
0.56158 1.55200 0.40471 2.14039 2.44842 14.86344 9168.7 9169.3 2.89078 0.65830 
0.56161 1.56000 0.40935 2.14415 2.45354 14.84496 9192.2 9192.8 2.89369 0.65834 
0.56164 1.56800 0.41401 2.14785 2.45857 14.82654 9215.6 9216.1 2.89647 0.65837 
0.56168 1.57600 0.41870 2.15148 2.46352 14.80821 9238.8 9239.3 2.89912 0.65841 
0.56171 1.58400 0.42340 2.15505 2.46839 14.78997 9261.9 9262.4 2.90165 0.65844 
0.56175 1.59200 0.42813 2.15856 2.47318 14.77181 9284.9 9285.3 2.90405 0.65847 
0.56179 1.60000 0.43288 2.16201 2.47788 14.75373 9307.7 9308.1 2.90633 0.65851 
0.56182 1.60800 0.43766 2.16539 2.48252 14.73572 9330.4 9330.8 2.90850 0.65854 
0.56186 1.61600 0.44245 2.16872 2.48707 14.71779 9353.0 9353.3 2.91056 0.65858 
0.56190 1.62400 0.44727 2.17199 2.49155 14.69994 9375.5 9375.8 2.91251 0.65862 
0.56194 1.63200 0.45211 2.17520 2.49596 14.68217 9397.8 9398.1 2.91435 0.65865 
0.56198 1.64000 0.45697 2.17836 2.50029 14.66447 9420.1 9420.3 2.91608 0.65869 
0.56202 1.64800 0.46185 2.18146 2.50455 14.64685 9442.1 9442.4 2.91771 0.65873 
0.56206 1.65600 0.46675 2.18450 2.50874 14.62932 9464.1 9464.3 2.91923 0.65877 
0.56211 1.66400 0.47167 2.18749 2.51286 14.61186 9486.0 9486.2 2.92066 0.65881 
0.56215 1.67200 0.47662 2.19043 2.51691 14.59448 9507.7 9507.9 2.92199 0.65884 
0.56219 1.68000 0.48158 2.19334 2.52093 14.57726 9529.3 9529.5 2.92326 0.65887 
0.56224 1.68800 0.48657 2.19618 2.52484 14.56004 9550.8 9551.0 2.92441 0.65891 
0.56228 1.69600 0.49158 2.19896 2.52869 14.54289 9572.2 9572.4 2.92546 0.65895 
0.56233 1.70400 0.49661 2.20170 2.53248 14.52582 9593.4 9593.6 2.92642 0.65900 
0.56238 1.71200 0.50165 2.20439 2.53620 14.50882 9614.6 9614.8 2.92730 0.65904 
0.56242 1.72000 0.50672 2.20703 2.53986 14.49191 9635.7 9635.9 2.92809 0.65908 
0.56247 1.72800 0.51181 2.20962 2.54346 14.47507 9656.6 9656.8 2.92880 0.65912 
0.56252 1.73600 0.51692 2.21217 2.54699 14.45833 9677.4 9677.7 2.92941 0.65916 
0.56257 1.74400 0.52205 2.21467 2.55047 14.44165 9698.1 9698.4 2.92994 0.65920 
0.56261 1.75200 0.52720 2.21712 2.55388 14.42504 9718.7 9719.0 2.93039 0.65924 
0.56266 1.76000 0.53237 2.21953 2.55724 14.40852 9739.2 9739.5 2.93077 0.65928 
0.56271 1.76800 0.53756 2.22189 2.56053 14.39209 9759.6 9759.9 2.93106 0.65932 
0.56276 1.77600 0.54277 2.22421 2.56376 14.37572 9779.9 9780.2 2.93127 0.65936 
0.56281 1.78400 0.54800 2.22649 2.56694 14.35944 9800.1 9800.4 2.93141 0.65941 
0.56286 1.79200 0.55325 2.22872 2.57006 14.34323 9820.1 9820.5 2.93147 0.65945 
0.56292 1.80000 0.55851 2.23091 2.57313 14.32709 9840.1 9840.5 2.93146 0.65949 
0.56297 1.80800 0.56380 2.23306 2.57614 14.31103 9860.0 9860.4 2.93138 0.65953 
0.56302 1.81600 0.56911 2.23518 2.57910 14.29505 9879.7 9880.2 2.93123 0.65957 
0.56307 1.82400 0.57443 2.23725 2.58201 14.27914 9899.4 9899.8 2.93101 0.65961 
0.56312 1.83200 0.57978 2.23928 2.58486 14.26330 9918.9 9919.4 2.93072 0.65964 
0.56318 1.84000 0.58515 2.24127 2.58766 14.24754 9938.4 9938.9 2.93036 0.65968 
0.56323 1.84800 0.59053 2.24323 2.59040 14.23185 9957.7 9958.3 2.92994 0.65972 
0.56328 1.85600 0.59593 2.24514 2.59310 14.21624 9977.0 9977.5 2.92945 0.65976 
0.56334 1.86400 0.60135 2.24702 2.59574 14.20070 9996.1 9996.7 2.92889 0.65980 
0.56339 1.87200 0.60679 2.24886 2.59834 14.18524 10015.2 10015.8 2.92828 0.65983 
0.56344 1.88000 0.61225 2.25067 2.60089 14.16985 10034.2 10034.8 2.92761 0.65987 
0.56350 1.88800 0.61773 2.25244 2.60338 14.15454 10053.0 10053.6 2.92687 0.65991 
0.56355 1.89600 0.62323 2.25417 2.60583 14.13929 10071.8 10072.4 2.92607 0.65994 
0.56361 1.90400 0.62874 2.25587 2.60823 14.12412 10090.5 10091.1 2.92522 0.65998 
0.56366 1.91200 0.63428 2.25754 2.61059 14.10901 10109.0 10109.7 2.92431 0.66001 
0.56372 1.92000 0.63983 2.25917 2.61290 14.09399 10127.5 10128.2 2.92335 0.66004 
0.56377 1.92800 0.64540 2.26077 2.61516 14.07904 10145.9 10146.6 2.92233 0.66008 
0.56382 1.93600 0.65099 2.26234 2.61738 14.06419 10164.2 10164.9 2.92127 0.66011 
0.56388 1.94400 0.65659 2.26388 2.61956 14.04938 10182.4 10183.1 2.92015 0.66014 
0.56393 1.95200 0.66222 2.26538 2.62170 14.03465 10200.5 10201.2 2.91899 0.66018 
0.56399 1.96000 0.66786 2.26685 2.62379 14.01999 10218.6 10219.3 2.91777 0.66021 
0.56404 1.96800 0.67352 2.26830 2.62584 14.00540 10236.5 10237.2 2.91651 0.66024 
0.56410 1.97600 0.67920 2.26971 2.62785 13.99088 10254.4 10255.1 2.91519 0.66027 
0.56416 1.98400 0.68489 2.27109 2.62982 13.97643 10272.1 10272.8 2.91384 0.66030 
0.56421 1.99200 0.69061 2.27245 2.63175 13.96207 10289.8 10290.5 2.91243 0.66033 
0.56427 2.00000 0.69634 2.27378 2.63364 13.94777 10307.4 10308.1 2.91099 0.66036 
0.56432 2.00800 0.70209 2.27507 2.63549 13.93355 10324.9 10325.5 2.90950 0.66039 
0.56438 2.01600 0.70785 2.27634 2.63731 13.91939 10342.3 10342.9 2.90796 0.66042 
0.56443 2.02400 0.71363 2.27759 2.63908 13.90530 10359.7 10360.2 2.90639 0.66045 
0.56449 2.03200 0.71943 2.27880 2.64082 13.89128 10376.9 10377.5 2.90478 0.66048 
0.56454 2.04000 0.72525 2.27999 2.64252 13.87733 10394.1 10394.6 2.90313 0.66050 
0.56460 2.04800 0.73109 2.28115 2.64418 13.86344 10411.2 10411.7 2.90144 0.66053 
0.56466 2.05600 0.73694 2.28229 2.64581 13.84962 10428.2 10428.6 2.89971 0.66056 
0.56471 2.06400 0.74280 2.28340 2.64740 13.83588 10445.1 10445.5 2.89795 0.66058 
0.56477 2.07200 0.74869 2.28449 2.64896 13.82219 10462.0 10462.3 2.89616 0.66061 
0.56482 2.08000 0.75459 2.28555 2.65049 13.80857 10478.7 10479.1 2.89433 0.66064 
0.56488 2.08800 0.76051 2.28659 2.65198 13.79502 10495.4 10495.7 2.89247 0.66066 
0.56494 2.09600 0.76644 2.28761 2.65344 13.78152 10512.0 10512.3 2.89058 0.66069 
0.56499 2.10400 0.77239 2.28860 2.65486 13.76808 10528.5 10528.8 2.88865 0.66071 
0.56505 2.11200 0.77836 2.28957 2.65626 13.75471 10545.0 10545.3 2.88670 0.66074 
0.56510 2.12000 0.78434 2.29051 2.65762 13.74140 10561.3 10561.6 2.88471 0.66076 
0.56516 2.12800 0.79034 2.29144 2.65895 13.72816 10577.6 10577.9 2.88270 0.66078 
0.56521 2.13600 0.79636 2.29234 2.66025 13.71497 10593.8 10594.1 2.88066 0.66081 
0.56527 2.14400 0.80239 2.29322 2.66152 13.70185 10610.0 10610.2 2.87859 0.66083 
0.56532 2.15200 0.80844 2.29408 2.66276 13.68883 10626.0 10626.2 2.87649 0.66085 
0.56538 2.16000 0.81450 2.29492 2.66397 13.67583 10642.0 10642.2 2.87436 0.66087 
0.56543 2.16800 0.82058 2.29573 2.66515 13.66290 10657.9 10658.1 2.87221 0.66090 
0.56549 2.17600 0.82668 2.29653 2.66630 13.65003 10673.8 10673.9 2.87004 0.66092 
0.56554 2.18400 0.83279 2.29731 2.66742 13.63721 10689.5 10689.7 2.86783 0.66094 
0.56560 2.19200 0.83892 2.29806 2.66851 13.62446 10705.2 10705.4 2.86561 0.66096 
0.56565 2.20000 0.84506 2.29880 2.66958 13.61177 10720.8 10721.0 2.86336 0.66098 
0.56571 2.20800 0.85122 2.29952 2.67062 13.59914 10736.4 10736.5 2.86108 0.66100 
0.56576 2.21600 0.85740 2.30022 2.67163 13.58657 10751.8 10752.0 2.85879 0.66102 
0.56582 2.22400 0.86359 2.30090 2.67262 13.57406 10767.2 10767.4 2.85648 0.66104 
0.56587 2.23200 0.86979 2.30156 2.67358 13.56161 10782.6 10782.7 2.85414 0.66106 
0.56593 2.24000 0.87601 2.30220 2.67451 13.54922 10797.8 10798.0 2.85178 0.66108 
0.56598 2.24800 0.88225 2.30283 2.67542 13.53689 10813.0 10813.1 2.84940 0.66109 
0.56604 2.25600 0.88850 2.30344 2.67631 13.52461 10828.1 10828.2 2.84700 0.66111 
0.56609 2.26400 0.89477 2.30403 2.67717 13.51240 10843.2 10843.3 2.84459 0.66113 
0.56615 2.27200 0.90105 2.30461 2.67800 13.50024 10858.2 10858.3 2.84215 0.66115 
0.56620 2.28000 0.90735 2.30516 2.67881 13.48814 10873.1 10873.2 2.83970 0.66116 
0.56626 2.28800 0.91366 2.30571 2.67960 13.47611 10887.9 10888.0 2.83722 0.66118 
0.56631 2.29600 0.91999 2.30623 2.68036 13.46413 10902.7 10902.8 2.83474 0.66119 
0.56636 2.30400 0.92633 2.30674 2.68111 13.45220 10917.4 10917.5 2.83223 0.66121 
0.56642 2.31200 0.93268 2.30723 2.68182 13.44034 10932.1 10932.1 2.82971 0.66123 
0.56647 2.32000 0.93905 2.30771 2.68252 13.42853 10946.7 10946.7 2.82717 0.66124 
0.56653 2.32800 0.94544 2.30817 2.68319 13.41677 10961.2 10961.2 2.82461 0.66125 
0.56658 2.33600 0.95184 2.30862 2.68384 13.40507 10975.7 10975.6 2.82204 0.66127 
0.56663 2.34400 0.95825 2.30905 2.68447 13.39343 10990.0 10990.0 2.81946 0.66128 
0.56669 2.35200 0.96468 2.30947 2.68508 13.38184 11004.4 11004.3 2.81686 0.66129 
0.56674 2.36000 0.97113 2.30987 2.68567 13.37030 11018.6 11018.5 2.81425 0.66131 
0.56679 2.36800 0.97758 2.31026 2.68624 13.35882 11032.8 11032.7 2.81162 0.66132 
0.56685 2.37600 0.98406 2.31063 2.68678 13.34739 11047.0 11046.8 2.80898 0.66133 
0.56690 2.38400 0.99054 2.31099 2.68731 13.33601 11061.0 11060.9 2.80633 0.66134 
0.56695 2.39200 0.99704 2.31134 2.68782 13.32469 11075.0 11074.8 2.80367 0.66135 
0.56700 2.40000 1.00356 2.31167 2.68830 13.31345 11089.0 11088.7 2.80100 0.66136 
0.56705 2.40800 1.01008 2.31199 2.68877 13.30222 11102.9 11102.6 2.79832 0.66137 
0.56711 2.41600 1.01663 2.31230 2.68922 13.29105 11116.7 11116.4 2.79562 0.66138 
0.56716 2.42400 1.02318 2.31259 2.68965 13.27993 11130.5 11130.2 2.79292 0.66139 
0.56721 2.43200 1.02975 2.31287 2.69006 13.26886 11144.2 11143.9 2.79020 0.66140 
0.56726 2.44000 1.03634 2.31314 2.69045 13.25784 11157.8 11157.5 2.78748 0.66141 
0.56731 2.44800 1.04293 2.31340 2.69083 13.24687 11171.4 11171.1 2.78474 0.66142 
0.56737 2.45600 1.04954 2.31364 2.69119 13.23596 11184.9 11184.6 2.78200 0.66143 
0.56742 2.46400 1.05617 2.31388 2.69153 13.22509 11198.4 11198.1 2.77925 0.66144 
0.56747 2.47200 1.06280 2.31410 2.69185 13.21427 11211.8 11211.5 2.77649 0.66145 
0.56752 2.48000 1.06945 2.31431 2.69216 13.20350 11225.1 11224.8 2.77372 0.66145 
0.56757 2.48800 1.07612 2.31451 2.69245 13.19278 11238.4 11238.1 2.77095 0.66146 
0.56762 2.49600 1.08279 2.31469 2.69273 13.18210 11251.6 11251.4 2.76816 0.66147 
0.56767 2.50400 1.08948 2.31487 2.69299 13.17148 11264.8 11264.5 2.76537 0.66147 
0.56772 2.51200 1.09619 2.31504 2.69323 13.16090 11278.0 11277.7 2.76258 0.66148 
0.56777 2.52000 1.10291 2.31519 2.69346 13.15037 11291.0 11290.7 2.75977 0.66149 
0.56782 2.52800 1.10964 2.31533 2.69367 13.13989 11304.0 11303.7 2.75696 0.66149 
0.56787 2.53600 1.11638 2.31547 2.69386 13.12946 11317.0 11316.7 2.75414 0.66150 
0.56793 2.54400 1.12314 2.31559 2.69405 13.11907 11329.9 11329.6 2.75132 0.66150 
0.56798 2.55200 1.12990 2.31571 2.69421 13.10873 11342.7 11342.5 2.74849 0.66150 
0.56803 2.56000 1.13669 2.31581 2.69436 13.09844 11355.5 11355.2 2.74565 0.66151 
0.56807 2.56800 1.14348 2.31590 2.69450 13.08819 11368.3 11368.0 2.74281 0.66151 
0.56812 2.57600 1.15029 2.31599 2.69462 13.07799 11381.0 11380.7 2.73997 0.66152 
0.56817 2.58400 1.15711 2.31606 2.69473 13.06784 11393.6 11393.3 2.73712 0.66152 
0.56822 2.59200 1.16394 2.31612 2.69483 13.05772 11406.2 11405.9 2.73426 0.66152 
0.56827 2.60000 1.17079 2.31618 2.69491 13.04766 11418.7 11418.4 2.73140 0.66152 
0.56832 2.60800 1.17765 2.31623 2.69498 13.03764 11431.2 11430.9 2.72854 0.66152 
0.56837 2.61600 1.18452 2.31626 2.69503 13.02766 11443.6 11443.3 2.72567 0.66153 
0.56842 2.62400 1.19140 2.31629 2.69507 13.01773 11456.0 11455.7 2.72280 0.66153 
0.56847 2.63200 1.19830 2.31631 2.69510 13.00785 11468.3 11468.0 2.71992 0.66153 
0.56852 2.64000 1.20520 2.31632 2.69512 12.99800 11480.6 11480.3 2.71704 0.66153 
0.56856 2.64800 1.21212 2.31633 2.69512 12.98820 11492.8 11492.5 2.71416 0.66153 
0.56861 2.65600 1.21906 2.31632 2.69511 12.97845 11505.0 11504.7 2.71128 0.66153 
0.56866 2.66400 1.22600 2.31631 2.69509 12.96874 11517.1 11516.8 2.70839 0.66153 
0.56871 2.67200 1.23296 2.31629 2.69506 12.95907 11529.2 11528.9 2.70550 0.66153 
0.56876 2.68000 1.23993 2.31626 2.69502 12.94944 11541.2 11540.9 2.70261 0.66153 
0.56880 2.68800 1.24691 2.31622 2.69496 12.93986 11553.1 11552.8 2.69972 0.66153 
0.56885 2.69600 1.25390 2.31617 2.69489 12.93035 11565.1 11564.7 2.69683 0.66152 
0.56890 2.70400 1.26091 2.31612 2.69481 12.92085 11576.9 11576.6 2.69393 0.66152 
0.56894 2.71200 1.26792 2.31606 2.69472 12.91139 11588.8 11588.4 2.69103 0.66152 
0.56899 2.72000 1.27495 2.31599 2.69462 12.90197 11600.5 11600.2 2.68813 0.66152 
0.56904 2.72800 1.28199 2.31592 2.69450 12.89260 11612.3 11611.9 2.68523 0.66152 
0.56908 2.73600 1.28905 2.31584 2.69438 12.88326 11623.9 11623.6 2.68233 0.66151 
0.56913 2.74400 1.29611 2.31575 2.69424 12.87397 11635.6 11635.2 2.67943 0.66151 
0.56918 2.75200 1.30319 2.31565 2.69410 12.86471 11647.2 11646.8 2.67653 0.66151 
0.56922 2.76000 1.31027 2.31555 2.69394 12.85550 11658.7 11658.4 2.67362 0.66150 
0.56927 2.76800 1.31737 2.31544 2.69378 12.84633 11670.2 11669.9 2.67072 0.66150 
0.56932 2.77600 1.32448 2.31532 2.69360 12.83719 11681.6 11681.3 2.66782 0.66149 
0.56936 2.78400 1.33161 2.31520 2.69342 12.82810 11693.0 11692.7 2.66492 0.66149 
0.56941 2.79200 1.33874 2.31507 2.69322 12.81904 11704.4 11704.1 2.66201 0.66148 
0.56945 2.80000 1.34588 2.31493 2.69302 12.81003 11715.7 11715.4 2.65911 0.66148 
0.56950 2.80800 1.35304 2.31479 2.69280 12.80105 11726.9 11726.6 2.65621 0.66147 
0.56954 2.81600 1.36021 2.31464 2.69258 12.79211 11738.2 11737.9 2.65330 0.66147 
0.56959 2.82400 1.36739 2.31448 2.69235 12.78321 11749.3 11749.0 2.65040 0.66146 
0.56963 2.83200 1.37458 2.31430 2.69206 12.77427 11760.5 11760.3 2.64746 0.66146 
0.56968 2.84000 1.38178 2.31413 2.69181 12.76544 11771.6 11771.4 2.64456 0.66146 
0.56972 2.84800 1.38899 2.31396 2.69155 12.75666 11782.6 11782.4 2.64166 0.66145 
0.56977 2.85600 1.39621 2.31378 2.69128 12.74791 11793.6 11793.4 2.63876 0.66144 
0.56981 2.86400 1.40345 2.31359 2.69101 12.73920 11804.6 11804.4 2.63586 0.66143 
0.56986 2.87200 1.41069 2.31340 2.69072 12.73053 11815.5 11815.3 2.63297 0.66143 
0.56990 2.88000 1.41795 2.31321 2.69042 12.72189 11826.3 11826.1 2.63007 0.66142 
0.56995 2.88800 1.42521 2.31301 2.69012 12.71329 11837.2 11837.0 2.62718 0.66141 
0.56999 2.89600 1.43249 2.31280 2.68981 12.70472 11847.9 11847.8 2.62428 0.66140 
0.57003 2.90400 1.43978 2.31259 2.68949 12.69620 11858.7 11858.5 2.62139 0.66139 
0.57008 2.91200 1.44708 2.31237 2.68916 12.68771 11869.4 11869.2 2.61850 0.66138 
0.57012 2.92000 1.45439 2.31215 2.68883 12.67925 11880.0 11879.9 2.61561 0.66137 
0.57016 2.92800 1.46171 2.31192 2.68849 12.67083 11890.6 11890.5 2.61273 0.66136 
0.57021 2.93600 1.46904 2.31169 2.68814 12.66245 11901.2 11901.1 2.60985 0.66135 
0.57025 2.94400 1.47638 2.31146 2.68778 12.65410 11911.7 11911.6 2.60697 0.66134 
0.57029 2.95200 1.48373 2.31121 2.68742 12.64578 11922.2 11922.1 2.60409 0.66133 
0.57034 2.96000 1.49109 2.31097 2.68705 12.63751 11932.7 11932.5 2.60121 0.66132 
0.57038 2.96800 1.49846 2.31072 2.68667 12.62926 11943.1 11942.9 2.59834 0.66131 
0.57042 2.97600 1.50585 2.31046 2.68628 12.62105 11953.4 11953.3 2.59547 0.66130 
0.57046 2.98400 1.51324 2.31020 2.68589 12.61288 11963.8 11963.7 2.59260 0.66129 
0.57050 2.99200 1.52064 2.30994 2.68549 12.60473 11974.0 11973.9 2.58973 0.66127 
0.57055 3.00000 1.52806 2.30967 2.68509 12.59663 11984.3 11984.2 2.58687 0.66126 
0.57059 3.00800 1.53548 2.30940 2.68467 12.58855 11994.5 11994.4 2.58400 0.66125 
0.57063 3.01600 1.54292 2.30912 2.68425 12.58051 12004.7 12004.6 2.58114 0.66124 
0.57067 3.02400 1.55036 2.30884 2.68383 12.57250 12014.8 12014.7 2.57829 0.66122 
0.57071 3.03200 1.55781 2.30855 2.68340 12.56452 12024.9 12024.8 2.57544 0.66121 
0.57076 3.04000 1.56528 2.30826 2.68296 12.55658 12034.9 12034.9 2.57259 0.66120 
0.57080 3.04800 1.57275 2.30797 2.68252 12.54867 12044.9 12044.9 2.56974 0.66118 
0.57084 3.05600 1.58024 2.30767 2.68207 12.54079 12054.9 12054.9 2.56690 0.66117 
0.57088 3.06400 1.58773 2.30737 2.68161 12.53297 12064.9 12064.8 2.56405 0.66115 
0.57092 3.07200 1.59524 2.30706 2.68115 12.52516 12074.8 12074.7 2.56122 0.66114 
0.57096 3.08000 1.60275 2.30675 2.68068 12.51738 12084.6 12084.6 2.55838 0.66113 
0.57100 3.08800 1.61027 2.30644 2.68021 12.50963 12094.5 12094.4 2.55555 0.66111 
0.57104 3.09600 1.61781 2.30613 2.67973 12.50191 12104.3 12104.2 2.55273 0.66110 
0.57108 3.10400 1.62535 2.30581 2.67925 12.49422 12114.0 12114.0 2.54990 0.66108 
0.57112 3.11200 1.63290 2.30548 2.67876 12.48656 12123.7 12123.7 2.54708 0.66106 
0.57116 3.12000 1.64047 2.30515 2.67826 12.47894 12133.4 12133.4 2.54427 0.66105 
0.57120 3.12800 1.64804 2.30482 2.67776 12.47134 12143.1 12143.0 2.54146 0.66103 
0.57124 3.13600 1.65562 2.30449 2.67726 12.46378 12152.7 12152.6 2.53865 0.66102 
0.57128 3.14400 1.66321 2.30415 2.67675 12.45624 12162.2 12162.2 2.53584 0.66100 
0.57132 3.15200 1.67081 2.30381 2.67623 12.44874 12171.8 12171.8 2.53304 0.66098 
0.57136 3.16000 1.67843 2.30347 2.67571 12.44127 12181.3 12181.3 2.53025 0.66097 
0.57140 3.16800 1.68605 2.30312 2.67518 12.43382 12190.8 12190.7 2.52745 0.66095 
0.57144 3.17600 1.69367 2.30277 2.67465 12.42641 12200.2 12200.2 2.52466 0.66093 
0.57147 3.18400 1.70131 2.30242 2.67412 12.41903 12209.6 12209.6 2.52188 0.66091 
0.57151 3.19200 1.70896 2.30206 2.67358 12.41167 12219.0 12218.9 2.51910 0.66090 
0.57155 3.20000 1.71662 2.30164 2.67294 12.40416 12228.4 12228.5 2.51623 0.66090 
0.57159 3.20800 1.72429 2.30127 2.67239 12.39686 12237.7 12237.8 2.51346 0.66088 
0.57163 3.21600 1.73196 2.30091 2.67184 12.38960 12247.0 12247.1 2.51069 0.66086 
0.57167 3.22400 1.73965 2.30054 2.67128 12.38236 12256.2 12256.3 2.50792 0.66084 
0.57171 3.23200 1.74734 2.30017 2.67072 12.37515 12265.4 12265.5 2.50516 0.66082 
0.57174 3.24000 1.75505 2.29980 2.67015 12.36797 12274.6 12274.6 2.50241 0.66080 
0.57178 3.24800 1.76276 2.29942 2.66958 12.36082 12283.7 12283.8 2.49965 0.66078 
0.57182 3.25600 1.77048 2.29904 2.66900 12.35370 12292.8 12292.9 2.49691 0.66076 
0.57186 3.26400 1.77821 2.29866 2.66842 12.34660 12301.8 12301.9 2.49416 0.66074 
0.57189 3.27200 1.78595 2.29827 2.66784 12.33953 12310.9 12310.9 2.49143 0.66072 
0.57193 3.28000 1.79370 2.29789 2.66725 12.33249 12319.8 12319.9 2.48869 0.66070 
0.57197 3.28800 1.80146 2.29750 2.66666 12.32548 12328.8 12328.9 2.48597 0.66068 
0.57201 3.29600 1.80922 2.29711 2.66607 12.31850 12337.7 12337.8 2.48324 0.66066 
0.57204 3.30400 1.81700 2.29671 2.66547 12.31154 12346.6 12346.7 2.48052 0.66064 
0.57208 3.31200 1.82478 2.29632 2.66487 12.30461 12355.5 12355.6 2.47781 0.66062 
0.57212 3.32000 1.83257 2.29592 2.66426 12.29771 12364.3 12364.4 2.47510 0.66060 
0.57215 3.32800 1.84038 2.29552 2.66365 12.29080 12373.1 12373.3 2.47239 0.66058 
0.57219 3.33600 1.84819 2.29511 2.66304 12.28396 12381.9 12382.0 2.46969 0.66056 
0.57223 3.34400 1.85600 2.29471 2.66242 12.27713 12390.6 12390.8 2.46700 0.66053 
0.57227 3.35200 1.86383 2.29430 2.66180 12.27026 12399.3 12399.6 2.46431 0.66051 
0.57231 3.36000 1.87167 2.29389 2.66118 12.26350 12408.0 12408.3 2.46162 0.66049 
0.57234 3.36800 1.87951 2.29348 2.66055 12.25675 12416.6 12416.9 2.45894 0.66047 
0.57238 3.37600 1.88737 2.29307 2.65992 12.25000 12425.2 12425.6 2.45627 0.66044 
0.57242 3.38400 1.89523 2.29255 2.65915 12.24306 12434.0 12434.4 2.45347 0.66045 
0.57245 3.39200 1.90310 2.29214 2.65851 12.23640 12442.5 12443.0 2.45080 0.66043 
0.57249 3.40000 1.91098 2.29171 2.65787 12.22976 12451.1 12451.5 2.44814 0.66040 
0.57252 3.40800 1.91886 2.29129 2.65722 12.22319 12459.6 12459.9 2.44548 0.66038 
0.57255 3.41600 1.92676 2.29087 2.65658 12.21661 12468.0 12468.4 2.44283 0.66035 
0.57260 3.42400 1.93466 2.29044 2.65593 12.20984 12476.4 12477.1 2.44018 0.66033 
0.57264 3.43200 1.94258 2.29001 2.65528 12.20331 12484.8 12485.5 2.43754 0.66031 
0.57266 3.44000 1.95050 2.28958 2.65462 12.19699 12493.2 12493.6 2.43490 0.66028 
0.57269 3.44800 1.95842 2.28915 2.65396 12.19051 12501.6 12501.9 2.43227 0.66026 
0.57273 3.45600 1.96636 2.28872 2.65330 12.18405 12509.9 12510.2 2.42964 0.66023 
0.57279 3.46400 1.97431 2.28829 2.65266 12.17727 12518.1 12519.0 2.42704 0.66021 
0.57282 3.47200 1.98226 2.28786 2.65199 12.17085 12526.4 12527.3 2.42442 0.66018 
0.57286 3.48000 1.99022 2.28742 2.65132 12.16447 12534.6 12535.5 2.42181 0.66016 
0.57289 3.48800 1.99819 2.28698 2.65065 12.15810 12542.8 12543.7 2.41920 0.66013 
0.57292 3.49600 2.00617 2.28654 2.64998 12.15176 12551.0 12551.8 2.41660 0.66010 
0.57295 3.50400 2.01415 2.28610 2.64931 12.14546 12559.1 12559.9 2.41401 0.66008 
0.57299 3.51200 2.02215 2.28565 2.64863 12.13917 12567.2 12568.0 2.41142 0.66005 
0.57302 3.52000 2.03015 2.28521 2.64795 12.13290 12575.3 12576.1 2.40883 0.66003 
0.57305 3.52800 2.03816 2.28476 2.64727 12.12665 12583.4 12584.2 2.40625 0.66000 
0.57307 3.53600 2.04617 2.28430 2.64656 12.12060 12591.4 12591.9 2.40366 0.65998 
0.57321 3.54400 2.05420 2.28392 2.64597 12.11321 12599.3 12601.9 2.40121 0.65994 
0.57324 3.55200 2.06223 2.28347 2.64529 12.10705 12607.3 12609.8 2.39866 0.65991 
0.57327 3.56000 2.07027 2.28302 2.64460 12.10091 12615.2 12617.7 2.39611 0.65988 
0.57330 3.56800 2.07832 2.28257 2.64391 12.09487 12623.1 12625.5 2.39355 0.65986 
0.57333 3.57600 2.08638 2.28204 2.64310 12.08856 12631.2 12633.6 2.39092 0.65986 
0.57325 3.58400 2.09444 2.28156 2.64238 12.08394 12639.0 12639.1 2.38829 0.65982 
0.57334 3.59200 2.10251 2.28104 2.64160 12.07688 12647.1 12648.5 2.38569 0.65982 
0.57334 3.60000 2.11059 2.28058 2.64089 12.07128 12654.9 12655.6 2.38315 0.65980 
0.57338 3.60800 2.11868 2.27986 2.63983 12.06457 12663.2 12664.2 2.38018 0.65982 
0.57341 3.61600 2.12677 2.27941 2.63913 12.05859 12670.9 12671.9 2.37768 0.65979 
0.57344 3.62400 2.13487 2.27895 2.63844 12.05263 12678.6 12679.6 2.37517 0.65976 
0.57353 3.63200 2.14298 2.27817 2.63727 12.04532 12686.8 12689.1 2.37217 0.65980 
0.57356 3.64000 2.15110 2.27771 2.63657 12.03946 12694.5 12696.7 2.36966 0.65977 
0.57359 3.64800 2.15923 2.27725 2.63586 12.03357 12702.1 12704.3 2.36715 0.65973 
0.57363 3.65600 2.16736 2.27677 2.63514 12.02756 12709.7 12712.1 2.36463 0.65970 
0.57366 3.66400 2.17550 2.27631 2.63443 12.02171 12717.3 12719.7 2.36212 0.65967 
0.57382 3.67200 2.18365 2.27668 2.63491 12.01599 12723.5 12728.0 2.36104 0.65947 
0.57400 3.68000 2.19180 2.27616 2.63407 12.00813 12730.9 12738.7 2.35855 0.65946 
0.57402 3.68800 2.19996 2.27567 2.63333 12.00253 12738.4 12745.9 2.35606 0.65943 
0.57370 3.69600 2.20813 2.27474 2.63198 12.00017 12747.0 12747.3 2.35280 0.65950 
0.57396 3.70400 2.21631 2.27486 2.63211 11.99264 12753.5 12758.4 2.35126 0.65934 
0.57376 3.71200 2.22449 2.27379 2.63053 11.98869 12761.9 12762.2 2.34789 0.65944 
0.57379 3.72000 2.23268 2.27332 2.62981 11.98298 12769.3 12769.6 2.34544 0.65941 
0.57382 3.72800 2.24088 2.27284 2.62908 11.97729 12776.7 12777.0 2.34299 0.65938 
0.57387 3.73600 2.24909 2.27237 2.62836 11.97142 12784.0 12784.7 2.34056 0.65935 
0.57388 3.74400 2.25730 2.27189 2.62761 11.96596 12791.4 12791.7 2.33811 0.65932 
0.57391 3.75200 2.26552 2.27141 2.62687 11.96033 12798.7 12799.0 2.33568 0.65929 
0.57394 3.76000 2.27375 2.27076 2.62592 11.95411 12806.6 12807.1 2.33300 0.65932 
0.57397 3.76800 2.28198 2.27047 2.62544 11.94917 12813.2 12813.4 2.33085 0.65922 
0.57400 3.77600 2.29022 2.26998 2.62470 11.94360 12820.5 12820.7 2.32843 0.65919 
0.57403 3.78400 2.29847 2.26950 2.62396 11.93804 12827.7 12827.9 2.32602 0.65916 
0.57406 3.79200 2.30673 2.26901 2.62321 11.93250 12834.9 12835.0 2.32361 0.65913 
0.57409 3.80000 2.31499 2.26843 2.62235 11.92652 12842.6 12842.9 2.32110 0.65915 
0.57412 3.80800 2.32326 2.26807 2.62177 11.92151 12849.2 12849.3 2.31885 0.65906 
0.57483 3.81600 2.33154 2.26773 2.62119 11.90784 12855.6 12870.1 2.31675 0.65899 
0.57418 3.82400 2.33982 2.26710 2.62028 11.91057 12863.4 12863.6 2.31407 0.65899 
0.57421 3.83200 2.34811 2.26664 2.61957 11.90515 12870.5 12870.6 2.31173 0.65896 
0.57424 3.84000 2.35641 2.26566 2.61811 11.89845 12878.6 12879.3 2.30867 0.65907 
0.57427 3.84800 2.36471 2.26522 2.61745 11.89313 12885.6 12886.2 2.30639 0.65902 
0.57430 3.85600 2.37302 2.26475 2.61672 11.88779 12892.5 12893.2 2.30404 0.65899 
0.57433 3.86400 2.38134 2.26427 2.61598 11.88246 12899.5 12900.1 2.30170 0.65895 
0.57436 3.87200 2.38966 2.26382 2.61530 11.87719 12906.4 12907.0 2.29941 0.65891 
0.57440 3.88000 2.39800 2.26347 2.61476 11.87199 12913.3 12913.9 2.29725 0.65884 
0.57443 3.88800 2.40633 2.26237 2.61310 11.86544 12921.0 12922.1 2.29398 0.65894 
0.57446 3.89600 2.41468 2.26255 2.61334 11.86151 12927.0 12927.5 2.29268 0.65876 
0.57449 3.90400 2.42303 2.26151 2.61177 11.85514 12934.6 12935.6 2.28953 0.65885 
0.57455 3.91200 2.43139 2.26098 2.61147 11.84744 12944.9 12947.9 2.28730 0.65905 
0.57454 3.92000 2.43975 2.26058 2.61035 11.84482 12948.1 12949.0 2.28493 0.65876 
0.57458 3.92800 2.44812 2.26077 2.61060 11.84083 12954.1 12954.6 2.28367 0.65859 
0.57461 3.93600 2.45650 2.26033 2.60992 11.83572 12960.8 12961.3 2.28144 0.65855 
0.57464 3.94400 2.46489 2.25995 2.60934 11.83066 12967.5 12968.0 2.27930 0.65849 
0.57467 3.95200 2.47328 2.25687 2.60485 11.82008 12978.7 12980.6 2.27298 0.65902 
0.57471 3.96000 2.48168 2.25740 2.60548 11.81757 12982.4 12984.0 2.27234 0.65872 
0.57473 3.96800 2.49008 2.25880 2.60756 11.81564 12987.3 12987.9 2.27295 0.65832 
0.57472 3.97600 2.49849 2.25740 2.60543 11.80944 12994.9 12995.2 2.26935 0.65848 
0.57480 3.98400 2.50691 2.25814 2.60652 11.80592 13000.1 13000.7 2.26891 0.65819 
0.57485 3.99200 2.51533 2.25746 2.60545 11.80039 13006.6 13007.8 2.26645 0.65820 