ratio e_15 p_15 M M_0 r_star spin Omega_K I J/M^2 
0.63895 0.50000 0.02299 0.61727 0.63638 17.23417 3833.7 4036.0 0.54258 0.62118 
0.63731 0.50800 0.02402 0.63575 0.65620 17.18113 3909.7 4115.8 0.56651 0.62355 
0.63561 0.51600 0.02507 0.65427 0.67610 17.13508 3984.4 4193.0 0.59073 0.62566 
0.63410 0.52400 0.02616 0.67309 0.69638 17.08573 4058.5 4272.4 0.61605 0.62794 
0.63252 0.53200 0.02727 0.69209 0.71691 17.04058 4131.8 4350.7 0.64210 0.63023 
0.63085 0.54000 0.02842 0.71101 0.73739 17.00384 4203.7 4424.8 0.66809 0.63211 
0.62936 0.54800 0.02959 0.72992 0.75790 16.96676 4274.1 4498.7 0.69427 0.63374 
0.62792 0.55600 0.03079 0.74894 0.77858 16.93069 4343.6 4572.2 0.72105 0.63534 
0.62645 0.56400 0.03201 0.76921 0.80071 16.91659 4405.2 4638.6 0.75009 0.63545 
0.62509 0.57200 0.03327 0.78702 0.82012 16.86696 4478.9 4714.7 0.77540 0.63799 
0.62378 0.58000 0.03455 0.80584 0.84071 16.83531 4545.4 4784.7 0.80251 0.63918 
0.62236 0.58800 0.03587 0.82489 0.86162 16.80858 4611.0 4853.0 0.83052 0.64038 
0.62092 0.59600 0.03721 0.84408 0.88272 16.78309 4675.9 4921.0 0.85928 0.64168 
0.61963 0.60400 0.03858 0.86321 0.90382 16.75636 4739.7 4988.9 0.88817 0.64284 
0.61842 0.61200 0.03999 0.88219 0.92479 16.73053 4802.4 5055.5 0.91687 0.64378 
0.61722 0.62000 0.04142 0.90107 0.94569 16.70687 4864.2 5120.3 0.94555 0.64456 
0.61602 0.62800 0.04288 0.91990 0.96659 16.68448 4925.1 5184.0 0.97443 0.64531 
0.61489 0.63600 0.04437 0.93873 0.98754 16.66188 4985.3 5247.6 1.00363 0.64605 
0.61382 0.64400 0.04589 0.95749 1.00846 16.63879 5044.6 5310.9 1.03299 0.64676 
0.61277 0.65200 0.04744 0.97614 1.02930 16.61696 5103.1 5372.9 1.06230 0.64737 
0.61169 0.66000 0.04902 0.99465 1.05004 16.59757 5160.9 5432.9 1.09151 0.64789 
0.61061 0.66800 0.05063 1.01304 1.07068 16.57945 5218.0 5491.6 1.12063 0.64833 
0.60960 0.67600 0.05227 1.03131 1.09124 16.56068 5274.2 5549.9 1.14974 0.64872 
0.60866 0.68400 0.05393 1.04955 1.11181 16.54070 5329.7 5608.6 1.17912 0.64916 
0.60778 0.69200 0.05563 1.06774 1.13238 16.51990 5384.7 5667.5 1.20879 0.64964 
0.60691 0.70000 0.05736 1.08587 1.15293 16.49940 5439.1 5725.8 1.23862 0.65013 
0.60602 0.70800 0.05912 1.10382 1.17332 16.48043 5492.8 5782.5 1.26819 0.65054 
0.60514 0.71600 0.06091 1.12159 1.19356 16.46244 5545.8 5837.9 1.29752 0.65088 
0.60431 0.72400 0.06273 1.13920 1.21364 16.44424 5598.2 5892.7 1.32661 0.65114 
0.60353 0.73200 0.06458 1.15663 1.23357 16.42556 5649.8 5947.0 1.35548 0.65137 
0.60279 0.74000 0.06645 1.17391 1.25338 16.40665 5700.9 6000.8 1.38421 0.65157 
0.60208 0.74800 0.06836 1.19105 1.27306 16.38770 5751.4 6054.1 1.41282 0.65176 
0.60137 0.75600 0.07030 1.20806 1.29265 16.36899 5801.3 6106.8 1.44140 0.65196 
0.60066 0.76400 0.07227 1.22494 1.31213 16.35071 5850.8 6158.8 1.46991 0.65216 
0.59998 0.77200 0.07427 1.24171 1.33152 16.33301 5899.5 6209.9 1.49829 0.65231 
0.59934 0.78000 0.07630 1.25826 1.35070 16.31428 5947.8 6260.9 1.52635 0.65247 
0.59874 0.78800 0.07836 1.27462 1.36970 16.29540 5995.6 6311.4 1.55412 0.65260 
0.59816 0.79600 0.08045 1.29079 1.38853 16.27644 6042.9 6361.2 1.58157 0.65269 
0.59761 0.80400 0.08257 1.30678 1.40719 16.25732 6089.7 6410.6 1.60874 0.65277 
0.59708 0.81200 0.08471 1.32259 1.42566 16.23815 6135.9 6459.4 1.63559 0.65282 
0.59657 0.82000 0.08689 1.33822 1.44398 16.21922 6181.7 6507.5 1.66215 0.65285 
0.59606 0.82800 0.08910 1.35367 1.46212 16.20057 6227.0 6554.9 1.68846 0.65288 
0.59554 0.83600 0.09134 1.36896 1.48011 16.18215 6271.9 6601.6 1.71456 0.65292 
0.59504 0.84400 0.09361 1.38412 1.49798 16.16363 6316.5 6648.2 1.74058 0.65300 
0.59456 0.85200 0.09591 1.39914 1.51573 16.14475 6360.6 6694.5 1.76646 0.65308 
0.59411 0.86000 0.09824 1.41400 1.53334 16.12553 6404.3 6740.6 1.79213 0.65318 
0.59368 0.86800 0.10060 1.42870 1.55079 16.10593 6447.6 6786.6 1.81760 0.65328 
0.59328 0.87600 0.10298 1.44319 1.56803 16.08626 6490.4 6832.0 1.84263 0.65336 
0.59290 0.88400 0.10540 1.45749 1.58507 16.06645 6532.8 6877.0 1.86729 0.65342 
0.59253 0.89200 0.10785 1.47159 1.60191 16.04654 6574.8 6921.5 1.89155 0.65346 
0.59219 0.90000 0.11033 1.48550 1.61856 16.02651 6616.4 6965.6 1.91544 0.65348 
0.59186 0.90800 0.11283 1.49923 1.63503 16.00645 6657.6 7009.2 1.93897 0.65349 
0.59154 0.91600 0.11537 1.51277 1.65130 15.98628 6698.4 7052.4 1.96214 0.65350 
0.59124 0.92400 0.11794 1.52613 1.66739 15.96616 6738.9 7095.1 1.98498 0.65350 
0.59094 0.93200 0.12053 1.53931 1.68329 15.94610 6779.0 7137.4 2.00746 0.65351 
0.59064 0.94000 0.12316 1.55232 1.69901 15.92622 6818.8 7179.1 2.02961 0.65351 
0.59035 0.94800 0.12581 1.56514 1.71455 15.90643 6858.3 7220.3 2.05141 0.65350 
0.59007 0.95600 0.12849 1.57780 1.72991 15.88661 6897.4 7261.2 2.07288 0.65350 
0.58980 0.96400 0.13121 1.59029 1.74510 15.86670 6936.2 7301.7 2.09404 0.65350 
0.58954 0.97200 0.13395 1.60261 1.76011 15.84662 6974.7 7342.0 2.11488 0.65350 
0.58931 0.98000 0.13672 1.61475 1.77494 15.82639 7012.8 7382.1 2.13540 0.65350 
0.58908 0.98800 0.13952 1.62674 1.78960 15.80609 7050.7 7421.8 2.15560 0.65351 
0.58887 0.99600 0.14235 1.63856 1.80409 15.78567 7088.2 7461.3 2.17550 0.65352 
0.58867 1.00400 0.14520 1.65021 1.81840 15.76515 7125.4 7500.5 2.19505 0.65352 
0.58848 1.01200 0.14809 1.66169 1.83252 15.74458 7162.3 7539.3 2.21424 0.65353 
0.58830 1.02000 0.15100 1.67300 1.84646 15.72399 7198.9 7577.9 2.23308 0.65353 
0.58813 1.02800 0.15395 1.68415 1.86022 15.70333 7235.2 7616.1 2.25158 0.65353 
0.58797 1.03600 0.15692 1.69512 1.87380 15.68261 7271.2 7654.0 2.26970 0.65352 
0.58782 1.04400 0.15992 1.70593 1.88720 15.66190 7306.9 7691.6 2.28746 0.65351 
0.58767 1.05200 0.16295 1.71658 1.90042 15.64120 7342.3 7728.9 2.30490 0.65350 
0.58754 1.06000 0.16601 1.72707 1.91347 15.62051 7377.5 7765.8 2.32201 0.65349 
0.58740 1.06800 0.16909 1.73741 1.92635 15.59988 7412.4 7802.4 2.33881 0.65349 
0.58727 1.07600 0.17220 1.74759 1.93905 15.57925 7447.0 7838.7 2.35526 0.65348 
0.58715 1.08400 0.17535 1.75761 1.95159 15.55866 7481.4 7874.7 2.37140 0.65347 
0.58703 1.09200 0.17852 1.76749 1.96396 15.53811 7515.5 7910.4 2.38722 0.65347 
0.58692 1.10000 0.18171 1.77722 1.97617 15.51754 7549.4 7945.8 2.40272 0.65346 
0.58681 1.10800 0.18494 1.78679 1.98820 15.49695 7583.0 7981.0 2.41788 0.65346 
0.58672 1.11600 0.18819 1.79621 2.00007 15.47633 7616.4 8015.9 2.43271 0.65345 
0.58663 1.12400 0.19147 1.80549 2.01176 15.45570 7649.5 8050.5 2.44722 0.65344 
0.58655 1.13200 0.19478 1.81462 2.02330 15.43507 7682.3 8084.9 2.46143 0.65343 
0.58648 1.14000 0.19812 1.82361 2.03468 15.41442 7715.0 8119.1 2.47534 0.65342 
0.58641 1.14800 0.20148 1.83246 2.04590 15.39375 7747.3 8153.0 2.48894 0.65341 
0.58635 1.15600 0.20487 1.84116 2.05694 15.37296 7779.5 8186.8 2.50224 0.65342 
0.58630 1.16400 0.20829 1.84975 2.06787 15.35225 7811.4 8220.4 2.51534 0.65342 
0.58625 1.17200 0.21173 1.85821 2.07865 15.33151 7843.1 8253.9 2.52819 0.65343 
0.58621 1.18000 0.21520 1.86655 2.08929 15.31074 7874.6 8287.1 2.54080 0.65344 
0.58617 1.18800 0.21870 1.87476 2.09979 15.28999 7905.9 8320.2 2.55315 0.65346 
0.58614 1.19600 0.22223 1.88285 2.11014 15.26924 7936.9 8353.1 2.56524 0.65348 
0.58611 1.20400 0.22578 1.89082 2.12036 15.24851 7967.7 8385.8 2.57711 0.65351 
0.58609 1.21200 0.22936 1.89866 2.13043 15.22783 7998.3 8418.3 2.58871 0.65354 
0.58607 1.22000 0.23296 1.90639 2.14037 15.20717 8028.7 8450.5 2.60006 0.65357 
0.58606 1.22800 0.23659 1.91398 2.15015 15.18657 8058.9 8482.5 2.61110 0.65360 
0.58605 1.23600 0.24025 1.92144 2.15978 15.16601 8088.9 8514.3 2.62185 0.65363 
0.58604 1.24400 0.24393 1.92878 2.16926 15.14554 8118.7 8545.8 2.63232 0.65365 
0.58603 1.25200 0.24764 1.93600 2.17861 15.12509 8148.3 8577.1 2.64253 0.65367 
0.58603 1.26000 0.25138 1.94311 2.18781 15.10468 8177.6 8608.2 2.65249 0.65370 
0.58604 1.26800 0.25514 1.95009 2.19688 15.08431 8206.8 8639.1 2.66219 0.65372 
0.58604 1.27600 0.25893 1.95696 2.20581 15.06401 8235.8 8669.7 2.67163 0.65374 
0.58605 1.28400 0.26274 1.96372 2.21461 15.04374 8264.6 8700.2 2.68083 0.65376 
0.58606 1.29200 0.26658 1.97037 2.22327 15.02353 8293.3 8730.4 2.68977 0.65378 
0.58608 1.30000 0.27045 1.97691 2.23181 15.00338 8321.7 8760.5 2.69849 0.65380 
0.58610 1.30800 0.27434 1.98334 2.24022 14.98330 8349.9 8790.3 2.70698 0.65383 
0.58612 1.31600 0.27825 1.98965 2.24848 14.96321 8378.0 8820.0 2.71524 0.65386 
0.58614 1.32400 0.28220 1.99587 2.25664 14.94327 8405.9 8849.4 2.72328 0.65388 
0.58616 1.33200 0.28616 2.00199 2.26467 14.92341 8433.6 8878.6 2.73111 0.65391 
0.58619 1.34000 0.29015 2.00801 2.27258 14.90362 8461.2 8907.6 2.73871 0.65393 
0.58621 1.34800 0.29417 2.01393 2.28037 14.88391 8488.6 8936.4 2.74610 0.65396 
0.58624 1.35600 0.29821 2.01975 2.28805 14.86428 8515.8 8965.1 2.75328 0.65398 
0.58627 1.36400 0.30227 2.02547 2.29560 14.84471 8542.8 8993.5 2.76025 0.65401 
0.58630 1.37200 0.30636 2.03110 2.30304 14.82522 8569.7 9021.7 2.76702 0.65403 
0.58633 1.38000 0.31048 2.03664 2.31037 14.80584 8596.4 9049.7 2.77360 0.65406 
0.58636 1.38800 0.31462 2.04208 2.31758 14.78651 8622.9 9077.6 2.77997 0.65409 
0.58640 1.39600 0.31878 2.04743 2.32467 14.76722 8649.3 9105.3 2.78614 0.65411 
0.58644 1.40400 0.32297 2.05268 2.33166 14.74799 8675.5 9132.8 2.79212 0.65414 
0.58648 1.41200 0.32718 2.05786 2.33854 14.72883 8701.5 9160.1 2.79791 0.65416 
0.58652 1.42000 0.33142 2.06294 2.34531 14.70973 8727.4 9187.3 2.80353 0.65419 
0.58657 1.42800 0.33568 2.06794 2.35198 14.69069 8753.1 9214.4 2.80896 0.65422 
0.58662 1.43600 0.33996 2.07285 2.35854 14.67171 8778.7 9241.2 2.81423 0.65424 
0.58667 1.44400 0.34427 2.07768 2.36500 14.65280 8804.1 9267.9 2.81931 0.65427 
0.58672 1.45200 0.34860 2.08243 2.37135 14.63396 8829.4 9294.5 2.82422 0.65430 
0.58677 1.46000 0.35296 2.08710 2.37761 14.61519 8854.5 9320.9 2.82897 0.65433 
0.58682 1.46800 0.35734 2.09169 2.38376 14.59648 8879.5 9347.1 2.83356 0.65435 
0.58688 1.47600 0.36174 2.09620 2.38982 14.57783 8904.3 9373.2 2.83798 0.65438 
0.58694 1.48400 0.36617 2.10061 2.39575 14.55915 8929.0 9399.3 2.84221 0.65442 
0.58700 1.49200 0.37061 2.10497 2.40162 14.54064 8953.5 9425.1 2.84632 0.65445 
0.58706 1.50000 0.37509 2.10925 2.40739 14.52218 8977.9 9450.8 2.85028 0.65448 
0.58712 1.50800 0.37958 2.11346 2.41307 14.50382 9002.1 9476.3 2.85410 0.65451 
0.58718 1.51600 0.38410 2.11759 2.41866 14.48553 9026.2 9501.6 2.85777 0.65454 
0.58725 1.52400 0.38864 2.12166 2.42416 14.46732 9050.1 9526.8 2.86129 0.65457 
0.58731 1.53200 0.39320 2.12565 2.42957 14.44918 9073.9 9551.9 2.86467 0.65460 
0.58738 1.54000 0.39779 2.12958 2.43489 14.43112 9097.6 9576.8 2.86792 0.65463 
0.58744 1.54800 0.40239 2.13344 2.44014 14.41313 9121.1 9601.6 2.87105 0.65466 
0.58751 1.55600 0.40702 2.13724 2.44529 14.39523 9144.5 9626.2 2.87404 0.65469 
0.58758 1.56400 0.41168 2.14097 2.45036 14.37739 9167.8 9650.8 2.87690 0.65472 
0.58765 1.57200 0.41635 2.14463 2.45536 14.35963 9191.0 9675.1 2.87964 0.65476 
0.58772 1.58000 0.42105 2.14823 2.46027 14.34195 9214.0 9699.4 2.88225 0.65479 
0.58779 1.58800 0.42577 2.15177 2.46510 14.32433 9236.8 9723.5 2.88474 0.65482 
0.58786 1.59600 0.43051 2.15525 2.46985 14.30679 9259.6 9747.4 2.88712 0.65486 
0.58793 1.60400 0.43527 2.15867 2.47452 14.28933 9282.2 9771.3 2.88938 0.65489 
0.58801 1.61200 0.44005 2.16203 2.47912 14.27195 9304.7 9795.0 2.89152 0.65493 
0.58808 1.62000 0.44486 2.16530 2.48361 14.25456 9327.1 9818.6 2.89352 0.65497 
0.58816 1.62800 0.44969 2.16854 2.48805 14.23734 9349.4 9842.1 2.89543 0.65501 
0.58823 1.63600 0.45454 2.17172 2.49242 14.22019 9371.5 9865.4 2.89723 0.65504 
0.58831 1.64400 0.45941 2.17485 2.49672 14.20312 9393.5 9888.5 2.89892 0.65508 
0.58838 1.65200 0.46430 2.17792 2.50094 14.18613 9415.4 9911.6 2.90050 0.65511 
0.58846 1.66000 0.46921 2.18093 2.50509 14.16920 9437.1 9934.5 2.90198 0.65514 
0.58854 1.66800 0.47414 2.18389 2.50918 14.15235 9458.8 9957.3 2.90336 0.65518 
0.58861 1.67600 0.47910 2.18680 2.51319 14.13558 9480.3 9980.0 2.90463 0.65521 
0.58869 1.68400 0.48408 2.18965 2.51713 14.11889 9501.7 10002.5 2.90580 0.65524 
0.58877 1.69200 0.48907 2.19246 2.52100 14.10228 9523.0 10024.9 2.90688 0.65528 
0.58885 1.70000 0.49409 2.19521 2.52481 14.08573 9544.2 10047.2 2.90786 0.65531 
0.58893 1.70800 0.49913 2.19791 2.52855 14.06926 9565.2 10069.4 2.90874 0.65534 
0.58901 1.71600 0.50419 2.20056 2.53223 14.05286 9586.2 10091.5 2.90954 0.65537 
0.58909 1.72400 0.50927 2.20316 2.53584 14.03654 9607.0 10113.4 2.91024 0.65541 
0.58917 1.73200 0.51436 2.20572 2.53939 14.02030 9627.7 10135.2 2.91086 0.65544 
0.58925 1.74000 0.51948 2.20823 2.54288 14.00415 9648.3 10156.9 2.91139 0.65547 
0.58933 1.74800 0.52462 2.21069 2.54630 13.98805 9668.8 10178.5 2.91184 0.65550 
0.58941 1.75600 0.52978 2.21311 2.54967 13.97203 9689.2 10200.0 2.91220 0.65553 
0.58949 1.76400 0.53496 2.21548 2.55298 13.95609 9709.5 10221.3 2.91248 0.65556 
0.58957 1.77200 0.54016 2.21778 2.55619 13.94014 9729.8 10242.6 2.91265 0.65560 
0.58966 1.78000 0.54538 2.22007 2.55938 13.92435 9749.8 10263.8 2.91277 0.65563 
0.58974 1.78800 0.55062 2.22231 2.56251 13.90864 9769.8 10284.8 2.91282 0.65566 
0.58982 1.79600 0.55588 2.22451 2.56559 13.89300 9789.7 10305.7 2.91280 0.65569 
0.58990 1.80400 0.56116 2.22666 2.56861 13.87744 9809.4 10326.4 2.91270 0.65572 
0.58998 1.81200 0.56645 2.22878 2.57158 13.86195 9829.1 10347.1 2.91254 0.65575 
0.59007 1.82000 0.57177 2.23086 2.57449 13.84652 9848.7 10367.7 2.91231 0.65578 
0.59015 1.82800 0.57711 2.23290 2.57735 13.83117 9868.1 10388.2 2.91201 0.65581 
0.59023 1.83600 0.58246 2.23489 2.58016 13.81590 9887.5 10408.6 2.91164 0.65584 
0.59031 1.84400 0.58783 2.23686 2.58291 13.80070 9906.7 10428.8 2.91121 0.65587 
0.59040 1.85200 0.59323 2.23878 2.58562 13.78557 9925.9 10449.0 2.91072 0.65589 
0.59048 1.86000 0.59864 2.24066 2.58827 13.77051 9944.9 10469.0 2.91016 0.65592 
0.59056 1.86800 0.60407 2.24251 2.59088 13.75553 9963.9 10489.0 2.90954 0.65595 
0.59065 1.87600 0.60952 2.24432 2.59343 13.74061 9982.7 10508.8 2.90887 0.65598 
0.59073 1.88400 0.61499 2.24610 2.59594 13.72577 10001.5 10528.6 2.90813 0.65601 
0.59081 1.89200 0.62048 2.24784 2.59840 13.71099 10020.2 10548.2 2.90734 0.65603 
0.59089 1.90000 0.62598 2.24955 2.60081 13.69628 10038.7 10567.8 2.90649 0.65606 
0.59098 1.90800 0.63151 2.25123 2.60318 13.68165 10057.2 10587.2 2.90559 0.65609 
0.59106 1.91600 0.63705 2.25287 2.60551 13.66708 10075.6 10606.6 2.90464 0.65611 
0.59114 1.92400 0.64261 2.25448 2.60779 13.65258 10093.9 10625.9 2.90364 0.65614 
0.59123 1.93200 0.64819 2.25603 2.60999 13.63806 10112.1 10645.1 2.90254 0.65618 
0.59131 1.94000 0.65379 2.25758 2.61218 13.62371 10130.3 10664.2 2.90144 0.65620 
0.59139 1.94800 0.65940 2.25909 2.61433 13.60942 10148.3 10683.2 2.90029 0.65623 
0.59147 1.95600 0.66504 2.26057 2.61643 13.59520 10166.2 10702.1 2.89908 0.65625 
0.59156 1.96400 0.67069 2.26202 2.61850 13.58104 10184.1 10720.9 2.89783 0.65628 
0.59164 1.97200 0.67636 2.26344 2.62052 13.56696 10201.8 10739.6 2.89653 0.65630 
0.59172 1.98000 0.68204 2.26484 2.62250 13.55294 10219.5 10758.2 2.89519 0.65633 
0.59181 1.98800 0.68775 2.26620 2.62445 13.53897 10237.1 10776.7 2.89381 0.65635 
0.59189 1.99600 0.69347 2.26754 2.62635 13.52509 10254.6 10795.1 2.89238 0.65638 
0.59197 2.00400 0.69921 2.26885 2.62822 13.51127 10272.0 10813.4 2.89091 0.65640 
0.59205 2.01200 0.70497 2.27013 2.63005 13.49752 10289.4 10831.7 2.88941 0.65642 
0.59213 2.02000 0.71074 2.27138 2.63184 13.48383 10306.6 10849.9 2.88786 0.65645 
0.59222 2.02800 0.71653 2.27261 2.63359 13.47021 10323.8 10867.9 2.88627 0.65647 
0.59230 2.03600 0.72234 2.27381 2.63531 13.45666 10340.9 10885.9 2.88465 0.65649 
0.59238 2.04400 0.72817 2.27498 2.63699 13.44317 10357.9 10903.8 2.88299 0.65652 
0.59246 2.05200 0.73401 2.27613 2.63864 13.42974 10374.8 10921.6 2.88129 0.65654 
0.59254 2.06000 0.73987 2.27725 2.64025 13.41638 10391.6 10939.3 2.87956 0.65656 
0.59262 2.06800 0.74574 2.27835 2.64182 13.40309 10408.4 10957.0 2.87779 0.65658 
0.59270 2.07600 0.75164 2.27942 2.64336 13.38986 10425.1 10974.5 2.87598 0.65660 
0.59278 2.08400 0.75755 2.28047 2.64486 13.37670 10441.6 10992.0 2.87414 0.65662 
0.59287 2.09200 0.76347 2.28149 2.64633 13.36360 10458.2 11009.3 2.87227 0.65664 
0.59295 2.10000 0.76941 2.28246 2.64773 13.35047 10474.6 11026.7 2.87033 0.65667 
0.59303 2.10800 0.77537 2.28344 2.64914 13.33750 10491.0 11043.9 2.86840 0.65669 
0.59311 2.11600 0.78135 2.28439 2.65051 13.32459 10507.2 11061.1 2.86643 0.65671 
0.59319 2.12400 0.78734 2.28533 2.65185 13.31174 10523.4 11078.1 2.86444 0.65673 
0.59327 2.13200 0.79335 2.28624 2.65316 13.29895 10539.6 11095.1 2.86242 0.65675 
0.59334 2.14000 0.79937 2.28712 2.65444 13.28622 10555.6 11112.0 2.86037 0.65677 
0.59342 2.14800 0.80541 2.28799 2.65569 13.27357 10571.6 11128.8 2.85829 0.65679 
0.59350 2.15600 0.81147 2.28884 2.65691 13.26096 10587.5 11145.5 2.85618 0.65681 
0.59358 2.16400 0.81754 2.28966 2.65811 13.24842 10603.3 11162.1 2.85405 0.65682 
0.59366 2.17200 0.82363 2.29046 2.65927 13.23591 10619.0 11178.7 2.85189 0.65684 
0.59374 2.18000 0.82973 2.29125 2.66040 13.22349 10634.7 11195.2 2.84971 0.65686 
0.59382 2.18800 0.83585 2.29201 2.66151 13.21112 10650.3 11211.6 2.84751 0.65687 
0.59390 2.19600 0.84199 2.29276 2.66259 13.19881 10665.9 11228.0 2.84528 0.65689 
0.59397 2.20400 0.84814 2.29348 2.66364 13.18657 10681.3 11244.2 2.84302 0.65690 
0.59405 2.21200 0.85431 2.29419 2.66466 13.17438 10696.7 11260.4 2.84074 0.65692 
0.59413 2.22000 0.86049 2.29488 2.66566 13.16225 10712.0 11276.5 2.83844 0.65693 
0.59421 2.22800 0.86669 2.29555 2.66663 13.15018 10727.3 11292.6 2.83612 0.65695 
0.59428 2.23600 0.87290 2.29620 2.66758 13.13817 10742.5 11308.5 2.83377 0.65696 
0.59436 2.24400 0.87913 2.29683 2.66850 13.12621 10757.6 11324.4 2.83141 0.65697 
0.59444 2.25200 0.88537 2.29745 2.66939 13.11431 10772.7 11340.2 2.82903 0.65699 
0.59451 2.26000 0.89163 2.29804 2.67026 13.10247 10787.6 11356.0 2.82663 0.65700 
0.59459 2.26800 0.89791 2.29863 2.67111 13.09068 10802.6 11371.6 2.82421 0.65701 
0.59467 2.27600 0.90420 2.29919 2.67193 13.07894 10817.4 11387.2 2.82177 0.65703 
0.59474 2.28400 0.91050 2.29974 2.67274 13.06727 10832.2 11402.8 2.81932 0.65704 
0.59482 2.29200 0.91682 2.30025 2.67347 13.05556 10846.9 11418.3 2.81681 0.65706 
0.59489 2.30000 0.92315 2.30076 2.67423 13.04399 10861.6 11433.7 2.81433 0.65707 
0.59497 2.30800 0.92950 2.30126 2.67496 13.03247 10876.2 11449.0 2.81183 0.65708 
0.59504 2.31600 0.93587 2.30175 2.67567 13.02101 10890.7 11464.3 2.80931 0.65709 
0.59512 2.32400 0.94225 2.30222 2.67635 13.00960 10905.1 11479.5 2.80678 0.65710 
0.59519 2.33200 0.94864 2.30267 2.67702 12.99825 10919.5 11494.6 2.80423 0.65711 
0.59526 2.34000 0.95505 2.30311 2.67766 12.98695 10933.8 11509.6 2.80167 0.65712 
0.59534 2.34800 0.96147 2.30354 2.67828 12.97570 10948.1 11524.6 2.79910 0.65713 
0.59541 2.35600 0.96790 2.30395 2.67888 12.96451 10962.3 11539.5 2.79652 0.65714 
0.59548 2.36400 0.97435 2.30434 2.67946 12.95337 10976.4 11554.4 2.79392 0.65715 
0.59556 2.37200 0.98082 2.30472 2.68002 12.94228 10990.5 11569.2 2.79131 0.65716 
0.59563 2.38000 0.98730 2.30509 2.68056 12.93124 11004.5 11583.9 2.78868 0.65717 
0.59570 2.38800 0.99379 2.30545 2.68108 12.92025 11018.4 11598.6 2.78605 0.65718 
0.59578 2.39600 1.00030 2.30579 2.68158 12.90930 11032.3 11613.2 2.78340 0.65719 
0.59585 2.40400 1.00682 2.30612 2.68206 12.89842 11046.1 11627.7 2.78075 0.65720 
0.59592 2.41200 1.01335 2.30643 2.68253 12.88758 11059.9 11642.2 2.77808 0.65721 
0.59599 2.42000 1.01990 2.30674 2.68297 12.87680 11073.6 11656.6 2.77541 0.65721 
0.59606 2.42800 1.02647 2.30703 2.68340 12.86606 11087.2 11670.9 2.77272 0.65722 
0.59614 2.43600 1.03304 2.30731 2.68381 12.85538 11100.8 11685.2 2.77003 0.65723 
0.59621 2.44400 1.03963 2.30757 2.68420 12.84475 11114.3 11699.4 2.76733 0.65723 
0.59628 2.45200 1.04623 2.30782 2.68457 12.83416 11127.8 11713.6 2.76461 0.65724 
0.59635 2.46000 1.05285 2.30807 2.68493 12.82363 11141.2 11727.7 2.76189 0.65725 
0.59642 2.46800 1.05948 2.30830 2.68527 12.81314 11154.5 11741.7 2.75916 0.65725 
0.59649 2.47600 1.06613 2.30851 2.68559 12.80271 11167.8 11755.7 2.75643 0.65726 
0.59656 2.48400 1.07278 2.30872 2.68589 12.79232 11181.0 11769.6 2.75368 0.65726 
0.59663 2.49200 1.07945 2.30892 2.68618 12.78197 11194.2 11783.4 2.75093 0.65727 
0.59670 2.50000 1.08614 2.30908 2.68642 12.77159 11207.4 11797.3 2.74814 0.65728 
0.59677 2.50800 1.09283 2.30925 2.68668 12.76134 11220.5 11811.1 2.74537 0.65729 
0.59684 2.51600 1.09955 2.30942 2.68692 12.75114 11233.5 11824.7 2.74260 0.65729 
0.59690 2.52400 1.10627 2.30957 2.68715 12.74099 11246.4 11838.4 2.73983 0.65730 
0.59697 2.53200 1.11301 2.30971 2.68736 12.73088 11259.3 11851.9 2.73704 0.65730 
0.59704 2.54000 1.11976 2.30984 2.68756 12.72081 11272.2 11865.4 2.73425 0.65731 
0.59711 2.54800 1.12652 2.30997 2.68774 12.71079 11284.9 11878.9 2.73146 0.65731 
0.59718 2.55600 1.13329 2.31008 2.68790 12.70082 11297.7 11892.3 2.72866 0.65731 
0.59724 2.56400 1.14008 2.31018 2.68805 12.69089 11310.4 11905.6 2.72586 0.65732 
0.59731 2.57200 1.14688 2.31028 2.68819 12.68101 11323.0 11918.9 2.72305 0.65732 
0.59738 2.58000 1.15370 2.31036 2.68832 12.67117 11335.6 11932.1 2.72023 0.65732 
0.59744 2.58800 1.16052 2.31043 2.68843 12.66138 11348.1 11945.3 2.71742 0.65732 
0.59751 2.59600 1.16736 2.31050 2.68852 12.65163 11360.6 11958.4 2.71459 0.65733 
0.59758 2.60400 1.17422 2.31055 2.68861 12.64192 11373.0 11971.5 2.71177 0.65733 
0.59764 2.61200 1.18108 2.31060 2.68867 12.63226 11385.3 11984.5 2.70894 0.65733 
0.59771 2.62000 1.18796 2.31064 2.68873 12.62264 11397.6 11997.4 2.70611 0.65733 
0.59777 2.62800 1.19485 2.31067 2.68877 12.61306 11409.9 12010.3 2.70327 0.65733 
0.59784 2.63600 1.20175 2.31069 2.68881 12.60352 11422.1 12023.2 2.70043 0.65733 
0.59791 2.64400 1.20866 2.31070 2.68882 12.59403 11434.3 12036.0 2.69759 0.65733 
0.59797 2.65200 1.21559 2.31071 2.68883 12.58457 11446.4 12048.7 2.69475 0.65733 
0.59804 2.66000 1.22253 2.31070 2.68882 12.57514 11458.4 12061.4 2.69190 0.65733 
0.59810 2.66800 1.22948 2.31069 2.68880 12.56577 11470.5 12074.1 2.68905 0.65733 
0.59817 2.67600 1.23644 2.31067 2.68877 12.55644 11482.4 12086.7 2.68620 0.65733 
0.59823 2.68400 1.24342 2.31064 2.68873 12.54715 11494.3 12099.2 2.68334 0.65733 
0.59829 2.69200 1.25040 2.31060 2.68868 12.53790 11506.2 12111.7 2.68048 0.65733 
0.59836 2.70000 1.25740 2.31056 2.68861 12.52869 11518.0 12124.1 2.67763 0.65732 
0.59842 2.70800 1.26441 2.31051 2.68854 12.51952 11529.8 12136.5 2.67476 0.65732 
0.59848 2.71600 1.27144 2.31045 2.68845 12.51040 11541.5 12148.8 2.67190 0.65732 
0.59855 2.72400 1.27847 2.31038 2.68835 12.50131 11553.2 12161.1 2.66904 0.65732 
0.59861 2.73200 1.28552 2.31028 2.68820 12.49217 11564.8 12173.5 2.66614 0.65732 
0.59867 2.74000 1.29258 2.31020 2.68808 12.48316 11576.4 12185.6 2.66327 0.65732 
0.59873 2.74800 1.29965 2.31011 2.68795 12.47419 11588.0 12197.8 2.66040 0.65732 
0.59880 2.75600 1.30673 2.31002 2.68781 12.46526 11599.4 12209.9 2.65753 0.65731 
0.59886 2.76400 1.31382 2.30992 2.68765 12.45636 11610.9 12221.9 2.65466 0.65731 
0.59892 2.77200 1.32093 2.30981 2.68749 12.44751 11622.3 12233.9 2.65179 0.65730 
0.59898 2.78000 1.32804 2.30969 2.68732 12.43869 11633.6 12245.8 2.64892 0.65730 
0.59904 2.78800 1.33517 2.30957 2.68714 12.42991 11644.9 12257.7 2.64604 0.65729 
0.59910 2.79600 1.34231 2.30944 2.68695 12.42117 11656.2 12269.6 2.64317 0.65729 
0.59916 2.80400 1.34946 2.30931 2.68675 12.41246 11667.4 12281.4 2.64030 0.65728 
0.59922 2.81200 1.35662 2.30917 2.68654 12.40380 11678.6 12293.1 2.63743 0.65728 
0.59928 2.82000 1.36380 2.30902 2.68632 12.39517 11689.7 12304.8 2.63456 0.65727 
0.59934 2.82800 1.37098 2.30887 2.68609 12.38658 11700.8 12316.5 2.63169 0.65726 
0.59940 2.83600 1.37818 2.30871 2.68585 12.37803 11711.8 12328.1 2.62882 0.65726 
0.59946 2.84400 1.38538 2.30854 2.68561 12.36951 11722.8 12339.6 2.62595 0.65725 
0.59952 2.85200 1.39260 2.30837 2.68535 12.36103 11733.8 12351.2 2.62308 0.65724 
0.59958 2.86000 1.39983 2.30819 2.68509 12.35259 11744.7 12362.6 2.62021 0.65723 
0.59964 2.86800 1.40707 2.30801 2.68481 12.34419 11755.6 12374.0 2.61734 0.65723 
0.59970 2.87600 1.41432 2.30782 2.68453 12.33582 11766.4 12385.4 2.61447 0.65722 
0.59976 2.88400 1.42158 2.30763 2.68424 12.32749 11777.2 12396.7 2.61161 0.65721 
0.59981 2.89200 1.42885 2.30743 2.68395 12.31919 11787.9 12408.0 2.60874 0.65720 
0.59987 2.90000 1.43613 2.30723 2.68364 12.31093 11798.6 12419.2 2.60588 0.65719 
0.59993 2.90800 1.44343 2.30702 2.68333 12.30271 11809.3 12430.4 2.60302 0.65718 
0.59999 2.91600 1.45073 2.30680 2.68300 12.29452 11819.9 12441.6 2.60016 0.65717 
0.60004 2.92400 1.45805 2.30636 2.68235 12.28571 11830.9 12453.5 2.59701 0.65724 
0.60010 2.93200 1.46537 2.30613 2.68201 12.27758 11841.4 12464.6 2.59415 0.65723 
0.60016 2.94000 1.47271 2.30590 2.68166 12.26949 11851.9 12475.6 2.59129 0.65722 
0.60022 2.94800 1.48005 2.30567 2.68131 12.26143 11862.3 12486.6 2.58843 0.65721 
0.60027 2.95600 1.48741 2.30542 2.68095 12.25340 11872.7 12497.5 2.58558 0.65720 
0.60033 2.96400 1.49478 2.30518 2.68058 12.24541 11883.1 12508.4 2.58273 0.65718 
0.60039 2.97200 1.50215 2.30493 2.68020 12.23745 11893.4 12519.2 2.57988 0.65717 
0.60044 2.98000 1.50954 2.30467 2.67982 12.22952 11903.7 12530.1 2.57703 0.65716 
0.60050 2.98800 1.51694 2.30441 2.67942 12.22162 11914.0 12540.8 2.57419 0.65715 
0.60055 2.99600 1.52435 2.30415 2.67902 12.21376 11924.2 12551.6 2.57134 0.65714 
0.60061 3.00400 1.53177 2.30388 2.67862 12.20592 11934.3 12562.3 2.56850 0.65712 
0.60066 3.01200 1.53920 2.30360 2.67821 12.19812 11944.5 12572.9 2.56567 0.65711 
0.60072 3.02000 1.54664 2.30333 2.67779 12.19035 11954.5 12583.5 2.56283 0.65710 
0.60077 3.02800 1.55409 2.30304 2.67736 12.18262 11964.6 12594.1 2.56000 0.65708 
0.60083 3.03600 1.56154 2.30276 2.67693 12.17491 11974.6 12604.6 2.55718 0.65707 
0.60088 3.04400 1.56901 2.30247 2.67649 12.16723 11984.6 12615.1 2.55435 0.65706 
0.60094 3.05200 1.57649 2.30217 2.67605 12.15959 11994.5 12625.6 2.55153 0.65704 
0.60099 3.06000 1.58398 2.30188 2.67560 12.15198 12004.4 12636.0 2.54871 0.65703 
0.60104 3.06800 1.59148 2.30157 2.67515 12.14440 12014.3 12646.4 2.54590 0.65701 
0.60110 3.07600 1.59899 2.30127 2.67468 12.13685 12024.1 12656.7 2.54308 0.65700 
0.60115 3.08400 1.60651 2.30096 2.67422 12.12933 12033.9 12667.0 2.54028 0.65699 
0.60120 3.09200 1.61404 2.30065 2.67374 12.12184 12043.6 12677.3 2.53747 0.65697 
0.60126 3.10000 1.62158 2.30033 2.67326 12.11438 12053.3 12687.5 2.53467 0.65695 
0.60131 3.10800 1.62913 2.30001 2.67278 12.10695 12063.0 12697.7 2.53187 0.65694 
0.60136 3.11600 1.63668 2.29968 2.67229 12.09953 12072.6 12707.8 2.52907 0.65692 
0.60141 3.12400 1.64425 2.29936 2.67179 12.09216 12082.2 12718.0 2.52628 0.65691 
0.60147 3.13200 1.65183 2.29903 2.67129 12.08481 12091.8 12728.0 2.52350 0.65689 
0.60152 3.14000 1.65942 2.29869 2.67079 12.07750 12101.3 12738.1 2.52071 0.65687 
0.60157 3.14800 1.66701 2.29835 2.67028 12.07022 12110.8 12748.1 2.51793 0.65686 
0.60162 3.15600 1.67462 2.29801 2.66976 12.06297 12120.3 12758.0 2.51516 0.65684 
0.60167 3.16400 1.68223 2.29767 2.66924 12.05574 12129.7 12767.9 2.51239 0.65682 
0.60172 3.17200 1.68986 2.29732 2.66872 12.04855 12139.1 12777.8 2.50962 0.65681 
0.60177 3.18000 1.69749 2.29697 2.66819 12.04141 12148.5 12787.6 2.50686 0.65679 
0.60182 3.18800 1.70514 2.29662 2.66765 12.03435 12157.8 12797.3 2.50411 0.65677 
0.60187 3.19600 1.71279 2.29627 2.66712 12.02724 12167.1 12807.1 2.50135 0.65676 
0.60192 3.20400 1.72045 2.29591 2.66657 12.02016 12176.4 12816.8 2.49860 0.65674 
0.60197 3.21200 1.72812 2.29555 2.66602 12.01309 12185.6 12826.6 2.49585 0.65672 
0.60202 3.22000 1.73580 2.29518 2.66547 12.00606 12194.8 12836.2 2.49311 0.65670 
0.60207 3.22800 1.74349 2.29481 2.66491 11.99900 12203.9 12846.0 2.49036 0.65668 
0.60212 3.23600 1.75119 2.29444 2.66435 11.99202 12213.0 12855.6 2.48763 0.65666 
0.60217 3.24400 1.75890 2.29407 2.66378 11.98508 12222.1 12865.1 2.48490 0.65664 
0.60221 3.25200 1.76662 2.29369 2.66321 11.97823 12231.2 12874.6 2.48218 0.65663 
0.60229 3.26000 1.77434 2.29321 2.66248 11.97077 12240.2 12884.9 2.47929 0.65663 
0.60234 3.26800 1.78208 2.29282 2.66190 11.96390 12249.2 12894.3 2.47657 0.65661 
0.60236 3.27600 1.78982 2.29245 2.66133 11.95741 12258.3 12903.2 2.47388 0.65660 
0.60242 3.28400 1.79758 2.29205 2.66073 11.95043 12267.2 12912.9 2.47115 0.65657 
0.60247 3.29200 1.80534 2.29166 2.66014 11.94364 12276.1 12922.2 2.46844 0.65655 
0.60252 3.30000 1.81311 2.29126 2.65954 11.93688 12284.9 12931.5 2.46573 0.65653 
0.60257 3.30800 1.82089 2.29087 2.65894 11.93015 12293.8 12940.8 2.46303 0.65651 
0.60261 3.31600 1.82868 2.29047 2.65833 11.92344 12302.6 12950.1 2.46033 0.65649 
0.60263 3.32400 1.83647 2.29008 2.65773 11.91713 12311.5 12958.7 2.45767 0.65648 
0.60266 3.33200 1.84428 2.28968 2.65712 11.91065 12320.3 12967.7 2.45500 0.65646 
0.60271 3.34000 1.85209 2.28927 2.65651 11.90401 12329.0 12976.8 2.45231 0.65644 
0.60276 3.34800 1.85992 2.28886 2.65589 11.89738 12337.7 12986.0 2.44963 0.65642 
0.60280 3.35600 1.86775 2.28845 2.65526 11.89080 12346.3 12995.1 2.44695 0.65640 
0.60285 3.36400 1.87559 2.28804 2.65463 11.88424 12354.9 13004.2 2.44428 0.65638 
0.60290 3.37200 1.88344 2.28762 2.65400 11.87770 12363.5 13013.2 2.44161 0.65635 
0.60290 3.38000 1.89130 2.28722 2.65338 11.87169 12372.2 13021.4 2.43899 0.65634 
0.60294 3.38800 1.89916 2.28679 2.65274 11.86520 12380.7 13030.4 2.43633 0.65632 
0.60299 3.39600 1.90704 2.28637 2.65210 11.85874 12389.2 13039.3 2.43368 0.65630 
0.60309 3.40400 1.91492 2.28528 2.65051 11.85012 12398.7 13051.2 2.42995 0.65642 
0.60316 3.41200 1.92281 2.28484 2.64986 11.84352 12407.1 13060.3 2.42728 0.65639 
0.60320 3.42000 1.93071 2.28441 2.64920 11.83714 12415.5 13069.2 2.42463 0.65637 
0.60298 3.42800 1.93862 2.28405 2.64861 11.83365 12424.8 13073.4 2.42220 0.65641 
0.60329 3.43600 1.94653 2.28354 2.64788 11.82444 12432.2 13086.8 2.41934 0.65632 
0.60336 3.44400 1.95446 2.28311 2.64723 11.81794 12440.5 13095.8 2.41671 0.65629 
0.60340 3.45200 1.96239 2.28267 2.64656 11.81165 12448.8 13104.6 2.41408 0.65626 
0.60344 3.46000 1.97033 2.28223 2.64589 11.80538 12457.0 13113.3 2.41146 0.65624 
0.60349 3.46800 1.97828 2.28179 2.64522 11.79914 12465.3 13121.9 2.40884 0.65622 
0.60353 3.47600 1.98624 2.28135 2.64455 11.79292 12473.5 13130.5 2.40623 0.65619 
0.60357 3.48400 1.99421 2.28090 2.64388 11.78672 12481.7 13139.1 2.40362 0.65617 
0.60362 3.49200 2.00218 2.28046 2.64320 11.78055 12489.8 13147.7 2.40102 0.65614 
0.60365 3.50000 2.01016 2.28098 2.64388 11.77656 12496.3 13153.6 2.40009 0.65593 
0.60369 3.50800 2.01815 2.28008 2.64252 11.76954 12505.0 13163.1 2.39684 0.65601 
0.60374 3.51600 2.02615 2.27961 2.64182 11.76342 12513.0 13171.6 2.39424 0.65599 
0.60378 3.52400 2.03415 2.27915 2.64112 11.75732 12521.1 13180.1 2.39164 0.65596 
0.60382 3.53200 2.04216 2.27869 2.64041 11.75124 12529.1 13188.5 2.38905 0.65594 
0.60386 3.54000 2.05018 2.27822 2.63970 11.74519 12537.1 13196.9 2.38646 0.65591 
0.60391 3.54800 2.05821 2.27775 2.63899 11.73915 12545.1 13205.3 2.38387 0.65589 
0.60395 3.55600 2.06625 2.27728 2.63827 11.73314 12553.0 13213.7 2.38129 0.65586 
0.60399 3.56400 2.07429 2.27681 2.63755 11.72715 12560.9 13222.0 2.37871 0.65584 
0.60409 3.57200 2.08235 2.27638 2.63690 11.72058 12568.5 13231.3 2.37620 0.65579 
0.60414 3.58000 2.09041 2.27590 2.63618 11.71464 12576.3 13239.6 2.37364 0.65576 
0.60417 3.58800 2.09847 2.27543 2.63546 11.70878 12584.2 13247.7 2.37108 0.65574 
0.60332 3.59600 2.10655 2.27384 2.63304 11.70964 12597.6 13243.5 2.36710 0.65625 
0.60420 3.60400 2.11463 2.27527 2.63514 11.69907 12599.0 13261.5 2.36731 0.65556 
0.60424 3.61200 2.12272 2.27481 2.63445 11.69321 12606.7 13269.7 2.36482 0.65554 
0.60426 3.62000 2.13082 2.27437 2.63377 11.68760 12614.5 13277.5 2.36236 0.65551 
0.60431 3.62800 2.13893 2.27392 2.63307 11.68179 12622.1 13285.6 2.35989 0.65548 
0.60445 3.63600 2.14704 2.27343 2.63234 11.67491 12629.4 13295.5 2.35734 0.65543 
0.60439 3.64400 2.15516 2.27301 2.63169 11.67032 12637.4 13301.6 2.35497 0.65543 
0.60442 3.65200 2.16329 2.26943 2.62664 11.65740 12651.3 13318.8 2.34722 0.65606 
0.60430 3.66000 2.17143 2.26903 2.62601 11.65352 12659.6 13323.8 2.34493 0.65608 
0.60434 3.66800 2.17957 2.26858 2.62532 11.64784 12667.1 13331.8 2.34247 0.65604 
0.60458 3.67600 2.18772 2.27117 2.62888 11.64723 12667.5 13334.0 2.34513 0.65530 
0.60459 3.68400 2.19588 2.26451 2.61928 11.62860 12685.2 13357.5 2.33277 0.65661 
0.60467 3.69200 2.20405 2.26394 2.61845 11.62248 12692.8 13366.1 2.33008 0.65657 
0.60467 3.70000 2.21222 2.26345 2.61768 11.61720 12700.3 13373.4 2.32762 0.65656 
0.60471 3.70800 2.22040 2.26928 2.62598 11.62505 12697.3 13364.9 2.33532 0.65520 
0.60474 3.71600 2.22859 2.26883 2.62528 11.61955 12704.7 13372.6 2.33294 0.65517 
0.60478 3.72400 2.23678 2.26837 2.62457 11.61402 12712.1 13380.4 2.33054 0.65514 
0.60482 3.73200 2.24498 2.26770 2.62354 11.60821 12719.4 13388.3 2.32786 0.65515 
0.60436 3.74000 2.25319 2.26476 2.61944 11.60154 12735.1 13395.9 2.32135 0.65582 
0.60491 3.74800 2.26141 2.26672 2.62204 11.59709 12734.0 13403.9 2.32298 0.65509 
0.60495 3.75600 2.26963 2.26623 2.62128 11.59158 12741.3 13411.6 2.32055 0.65506 
0.60499 3.76400 2.27786 2.26573 2.62053 11.58605 12748.5 13419.3 2.31812 0.65504 
0.60503 3.77200 2.28610 2.26510 2.61956 11.58040 12755.9 13427.1 2.31551 0.65504 
0.60507 3.78000 2.29435 2.26460 2.61878 11.57493 12763.1 13434.8 2.31307 0.65501 
0.60510 3.78800 2.30260 2.26409 2.61800 11.56951 12770.3 13442.3 2.31063 0.65499 
0.60514 3.79600 2.31086 2.26357 2.61722 11.56409 12777.5 13449.9 2.30820 0.65496 
0.60518 3.80400 2.31912 2.26104 2.61381 11.55313 12790.7 13465.5 2.30212 0.65538 
0.60521 3.81200 2.32740 2.26060 2.61314 11.54786 12797.8 13472.9 2.29982 0.65535 
0.60525 3.82000 2.33568 2.26024 2.61257 11.54274 12804.8 13480.2 2.29769 0.65531 
0.60528 3.82800 2.34396 2.25986 2.61198 11.53762 12811.8 13487.5 2.29553 0.65527 
0.60532 3.83600 2.35226 2.25974 2.61141 11.53502 12814.6 13489.8 2.29418 0.65509 
0.60534 3.84400 2.36056 2.26083 2.61303 11.53281 12819.9 13493.8 2.29419 0.65473 
0.60538 3.85200 2.36887 2.26032 2.61225 11.52754 12826.9 13501.2 2.29180 0.65471 
0.60542 3.86000 2.37718 2.26007 2.61188 11.52253 12833.8 13508.5 2.28980 0.65463 
0.60547 3.86800 2.38550 2.25545 2.60501 11.50919 12845.9 13525.2 2.28126 0.65548 
0.60548 3.87600 2.39383 2.25481 2.60405 11.50406 12853.1 13532.2 2.27862 0.65547 
0.60553 3.88400 2.40216 2.25870 2.60977 11.50711 12854.5 13530.2 2.28293 0.65452 
0.60557 3.89200 2.41050 2.25813 2.60907 11.50097 12863.2 13539.4 2.28026 0.65452 
0.60560 3.90000 2.41885 2.25774 2.60846 11.49597 12869.9 13546.5 2.27814 0.65448 
0.60564 3.90800 2.42721 2.25764 2.60821 11.49199 12875.5 13552.0 2.27649 0.65435 
0.60567 3.91600 2.43557 2.25724 2.60760 11.48705 12882.2 13559.1 2.27437 0.65431 
0.60571 3.92400 2.44394 2.25684 2.60692 11.48222 12888.5 13565.8 2.27231 0.65427 
0.60574 3.93200 2.45231 2.25593 2.60548 11.47670 12895.2 13573.1 2.26948 0.65432 
0.60579 3.94000 2.46069 2.25507 2.60416 11.47109 12902.0 13580.7 2.26670 0.65436 
0.60581 3.94800 2.46908 2.24371 2.58769 11.44374 12925.8 13615.0 2.24752 0.65662 
0.60588 3.95600 2.47748 2.25402 2.60255 11.46072 12915.3 13595.3 2.26203 0.65430 
0.60585 3.96400 2.48588 2.25457 2.60348 11.45754 12922.6 13600.7 2.26109 0.65408 
0.60594 3.97200 2.49428 2.25264 2.60042 11.45032 12928.8 13609.5 2.25693 0.65430 
0.60598 3.98000 2.50270 2.25193 2.59932 11.44495 12935.4 13617.0 2.25439 0.65431 
0.60594 3.98800 2.51112 2.25210 2.59958 11.44174 12942.2 13621.8 2.25308 0.65418 
0.60607 3.99600 2.51955 2.25090 2.59772 11.43486 12948.5 13631.2 2.24984 0.65426