ratio e_15 p_15 M M_0 r_star spin Omega_K I J/M^2 
0.81224 0.50000 0.02299 0.58474 0.60237 14.26267 3128.1 5211.8 0.47075 0.49004 
0.81111 0.50800 0.02402 0.59660 0.61497 14.15074 3215.1 5334.8 0.48287 0.49630 
0.81008 0.51600 0.02507 0.61812 0.63823 14.17622 3245.6 5410.2 0.50933 0.49230 
0.80908 0.52400 0.02616 0.63478 0.65618 14.13856 3303.1 5505.2 0.52866 0.49311 
0.80809 0.53200 0.02727 0.65155 0.67429 14.10323 3359.8 5599.2 0.54842 0.49388 
0.80717 0.54000 0.02842 0.66835 0.69248 14.06955 3415.1 5692.1 0.56842 0.49449 
0.80637 0.54800 0.02959 0.68506 0.71061 14.03779 3469.2 5782.8 0.58833 0.49485 
0.80558 0.55600 0.03079 0.70175 0.72875 14.00845 3522.6 5871.3 0.60831 0.49512 
0.80472 0.56400 0.03201 0.71855 0.74706 13.98113 3575.4 5959.2 0.62884 0.49548 
0.80379 0.57200 0.03327 0.73549 0.76557 13.95555 3627.6 6046.7 0.64997 0.49595 
0.80289 0.58000 0.03455 0.75241 0.78409 13.93141 3679.2 6132.5 0.67122 0.49636 
0.80211 0.58800 0.03587 0.76921 0.80253 13.90820 3729.7 6216.4 0.69231 0.49656 
0.80142 0.59600 0.03721 0.78592 0.82091 13.88589 3779.3 6298.7 0.71332 0.49662 
0.80077 0.60400 0.03858 0.80259 0.83929 13.86450 3828.0 6379.8 0.73445 0.49663 
0.80010 0.61200 0.03999 0.81926 0.85771 13.84425 3876.0 6460.0 0.75582 0.49665 
0.79940 0.62000 0.04142 0.83593 0.87617 13.82536 3923.4 6538.9 0.77742 0.49667 
0.79876 0.62800 0.04288 0.85247 0.89454 13.80678 3970.1 6616.6 0.79893 0.49663 
0.79817 0.63600 0.04437 0.86891 0.91283 13.78873 4015.9 6692.9 0.82035 0.49651 
0.79764 0.64400 0.04589 0.88522 0.93102 13.77110 4061.0 6767.9 0.84165 0.49630 
0.79713 0.65200 0.04744 0.90145 0.94915 13.75401 4105.4 6841.7 0.86293 0.49606 
0.79661 0.66000 0.04902 0.91764 0.96728 13.73771 4149.4 6914.8 0.88439 0.49586 
0.79607 0.66800 0.05063 0.93383 0.98547 13.72199 4192.7 6987.4 0.90613 0.49573 
0.79552 0.67600 0.05227 0.94997 1.00364 13.70663 4235.5 7059.4 0.92805 0.49561 
0.79501 0.68400 0.05393 0.96599 1.02172 13.69148 4277.6 7130.2 0.94985 0.49545 
0.79453 0.69200 0.05563 0.98187 1.03969 13.67675 4319.4 7199.7 0.97148 0.49526 
0.79409 0.70000 0.05736 0.99761 1.05753 13.66222 4360.6 7268.0 0.99293 0.49503 
0.79370 0.70800 0.05912 1.01322 1.07526 13.64777 4401.2 7335.3 1.01422 0.49475 
0.79334 0.71600 0.06091 1.02869 1.09287 13.63339 4441.2 7401.7 1.03537 0.49444 
0.79300 0.72400 0.06273 1.04403 1.11038 13.61916 4480.6 7467.3 1.05640 0.49412 
0.79267 0.73200 0.06458 1.05925 1.12779 13.60515 4519.6 7532.0 1.07736 0.49380 
0.79235 0.74000 0.06645 1.07437 1.14512 13.59129 4558.0 7596.2 1.09828 0.49349 
0.79204 0.74800 0.06836 1.08937 1.16236 13.57754 4596.0 7659.6 1.11915 0.49318 
0.79174 0.75600 0.07030 1.10424 1.17949 13.56388 4633.4 7722.3 1.13991 0.49287 
0.79147 0.76400 0.07227 1.11898 1.19651 13.55036 4670.5 7784.1 1.16050 0.49255 
0.79121 0.77200 0.07427 1.13356 1.21338 13.53685 4707.2 7845.0 1.18087 0.49222 
0.79098 0.78000 0.07630 1.14798 1.23010 13.52324 4743.3 7905.2 1.20103 0.49187 
0.79078 0.78800 0.07836 1.16225 1.24668 13.50960 4778.9 7964.7 1.22099 0.49150 
0.79061 0.79600 0.08045 1.17637 1.26313 13.49592 4814.1 8023.5 1.24076 0.49113 
0.79045 0.80400 0.08257 1.19034 1.27943 13.48219 4848.8 8081.7 1.26031 0.49074 
0.79031 0.81200 0.08471 1.20417 1.29560 13.46857 4883.2 8139.0 1.27967 0.49037 
0.79017 0.82000 0.08689 1.21784 1.31163 13.45501 4917.4 8195.7 1.29885 0.49000 
0.79003 0.82800 0.08910 1.23137 1.32752 13.44150 4951.1 8251.7 1.31784 0.48963 
0.78990 0.83600 0.09134 1.24479 1.34332 13.42815 4984.7 8307.1 1.33673 0.48930 
0.78977 0.84400 0.09361 1.25808 1.35901 13.41485 5017.8 8362.2 1.35556 0.48899 
0.78964 0.85200 0.09591 1.27125 1.37458 13.40158 5050.5 8416.8 1.37429 0.48869 
0.78950 0.86000 0.09824 1.28429 1.39006 13.38840 5082.9 8471.0 1.39291 0.48842 
0.78937 0.86800 0.10060 1.29721 1.40540 13.37522 5115.1 8524.6 1.41139 0.48816 
0.78925 0.87600 0.10298 1.30995 1.42058 13.36204 5146.9 8577.4 1.42959 0.48791 
0.78914 0.88400 0.10540 1.32254 1.43560 13.34880 5178.5 8629.6 1.44755 0.48765 
0.78905 0.89200 0.10785 1.33496 1.45046 13.33541 5209.7 8681.2 1.46522 0.48738 
0.78898 0.90000 0.11033 1.34722 1.46515 13.32189 5240.4 8732.3 1.48263 0.48709 
0.78893 0.90800 0.11283 1.35931 1.47966 13.30826 5270.8 8782.9 1.49976 0.48680 
0.78890 0.91600 0.11537 1.37125 1.49403 13.29450 5300.7 8833.0 1.51665 0.48649 
0.78887 0.92400 0.11794 1.38304 1.50825 13.28070 5330.4 8882.7 1.53330 0.48619 
0.78886 0.93200 0.12053 1.39467 1.52230 13.26685 5359.8 8931.8 1.54971 0.48589 
0.78885 0.94000 0.12316 1.40614 1.53618 13.25290 5388.9 8980.4 1.56585 0.48560 
0.78886 0.94800 0.12581 1.41747 1.54994 13.23894 5417.7 9028.6 1.58178 0.48531 
0.78887 0.95600 0.12849 1.42866 1.56353 13.22495 5446.2 9076.3 1.59745 0.48501 
0.78890 0.96400 0.13121 1.43969 1.57697 13.21090 5474.4 9123.5 1.61288 0.48472 
0.78893 0.97200 0.13395 1.45058 1.59025 13.19680 5502.4 9170.3 1.62805 0.48442 
0.78897 0.98000 0.13672 1.46132 1.60339 13.18266 5530.1 9216.6 1.64299 0.48413 
0.78902 0.98800 0.13952 1.47191 1.61637 13.16850 5557.5 9262.6 1.65770 0.48385 
0.78907 0.99600 0.14235 1.48237 1.62920 13.15434 5584.7 9308.0 1.67218 0.48357 
0.78912 1.00400 0.14520 1.49269 1.64190 13.14016 5611.6 9353.2 1.68646 0.48329 
0.78918 1.01200 0.14809 1.50287 1.65445 13.12601 5638.3 9397.9 1.70053 0.48303 
0.78923 1.02000 0.15100 1.51293 1.66687 13.11184 5664.8 9442.3 1.71440 0.48278 
0.78929 1.02800 0.15395 1.52285 1.67915 13.09770 5691.0 9486.2 1.72807 0.48253 
0.78936 1.03600 0.15692 1.53264 1.69129 13.08354 5717.1 9529.8 1.74153 0.48230 
0.78942 1.04400 0.15992 1.54230 1.70329 13.06938 5742.9 9573.1 1.75478 0.48207 
0.78949 1.05200 0.16295 1.55182 1.71514 13.05522 5768.6 9615.9 1.76780 0.48184 
0.78956 1.06000 0.16601 1.56121 1.72685 13.04104 5794.0 9658.3 1.78059 0.48162 
0.78963 1.06800 0.16909 1.57047 1.73842 13.02685 5819.3 9700.4 1.79315 0.48141 
0.78972 1.07600 0.17220 1.57959 1.74984 13.01265 5844.3 9742.0 1.80548 0.48120 
0.78980 1.08400 0.17535 1.58858 1.76111 12.99843 5869.1 9783.3 1.81757 0.48098 
0.78990 1.09200 0.17852 1.59744 1.77224 12.98418 5893.7 9824.3 1.82944 0.48078 
0.78999 1.10000 0.18171 1.60618 1.78323 12.96992 5918.1 9864.9 1.84109 0.48057 
0.79010 1.10800 0.18494 1.61479 1.79409 12.95563 5942.3 9905.2 1.85253 0.48037 
0.79020 1.11600 0.18819 1.62328 1.80480 12.94135 5966.4 9945.2 1.86374 0.48017 
0.79031 1.12400 0.19147 1.63164 1.81538 12.92706 5990.2 9984.8 1.87475 0.47998 
0.79043 1.13200 0.19478 1.63989 1.82583 12.91276 6013.8 10024.1 1.88555 0.47979 
0.79054 1.14000 0.19812 1.64801 1.83615 12.89847 6037.2 10063.2 1.89615 0.47960 
0.79066 1.14800 0.20148 1.65602 1.84633 12.88419 6060.5 10101.8 1.90654 0.47942 
0.79078 1.15600 0.20487 1.66390 1.85638 12.86992 6083.6 10140.2 1.91673 0.47924 
0.79090 1.16400 0.20829 1.67167 1.86629 12.85566 6106.5 10178.3 1.92672 0.47907 
0.79102 1.17200 0.21173 1.67932 1.87608 12.84141 6129.2 10216.1 1.93651 0.47890 
0.79115 1.18000 0.21520 1.68685 1.88571 12.82708 6151.7 10253.6 1.94608 0.47873 
0.79128 1.18800 0.21870 1.69427 1.89524 12.81284 6174.1 10290.9 1.95548 0.47857 
0.79141 1.19600 0.22223 1.70159 1.90464 12.79861 6196.3 10327.8 1.96469 0.47841 
0.79154 1.20400 0.22578 1.70881 1.91392 12.78438 6218.3 10364.5 1.97371 0.47825 
0.79168 1.21200 0.22936 1.71591 1.92308 12.77016 6240.1 10400.9 1.98255 0.47810 
0.79181 1.22000 0.23296 1.72291 1.93212 12.75595 6261.8 10437.0 1.99121 0.47794 
0.79195 1.22800 0.23659 1.72980 1.94104 12.74176 6283.3 10472.8 1.99968 0.47780 
0.79209 1.23600 0.24025 1.73659 1.94984 12.72758 6304.7 10508.4 2.00797 0.47765 
0.79224 1.24400 0.24393 1.74328 1.95852 12.71342 6325.9 10543.8 2.01608 0.47751 
0.79238 1.25200 0.24764 1.74987 1.96708 12.69928 6347.0 10578.9 2.02402 0.47737 
0.79253 1.26000 0.25138 1.75636 1.97553 12.68516 6367.9 10613.7 2.03177 0.47723 
0.79268 1.26800 0.25514 1.76274 1.98385 12.67105 6388.6 10648.2 2.03934 0.47710 
0.79282 1.27600 0.25893 1.76903 1.99206 12.65698 6409.2 10682.5 2.04675 0.47697 
0.79297 1.28400 0.26274 1.77522 2.00016 12.64294 6429.7 10716.6 2.05399 0.47684 
0.79312 1.29200 0.26658 1.78132 2.00815 12.62892 6450.0 10750.4 2.06108 0.47671 
0.79327 1.30000 0.27045 1.78733 2.01604 12.61494 6470.2 10784.0 2.06802 0.47659 
0.79342 1.30800 0.27434 1.79325 2.02381 12.60100 6490.3 10817.3 2.07480 0.47648 
0.79356 1.31600 0.27825 1.79908 2.03148 12.58710 6510.2 10850.4 2.08143 0.47637 
0.79371 1.32400 0.28220 1.80482 2.03906 12.57324 6530.0 10883.3 2.08793 0.47626 
0.79386 1.33200 0.28616 1.81048 2.04653 12.55943 6549.7 10916.1 2.09430 0.47616 
0.79400 1.34000 0.29015 1.81606 2.05391 12.54566 6569.2 10948.6 2.10053 0.47607 
0.79415 1.34800 0.29417 1.82156 2.06119 12.53193 6588.6 10980.9 2.10663 0.47597 
0.79429 1.35600 0.29821 1.82697 2.06837 12.51824 6607.9 11013.0 2.11259 0.47589 
0.79444 1.36400 0.30227 1.83230 2.07545 12.50460 6627.0 11044.9 2.11842 0.47580 
0.79458 1.37200 0.30636 1.83755 2.08244 12.49099 6646.1 11076.5 2.12411 0.47572 
0.79473 1.38000 0.31048 1.84269 2.08929 12.47736 6665.0 11108.1 2.12964 0.47565 
0.79487 1.38800 0.31462 1.84778 2.09609 12.46382 6683.7 11139.4 2.13506 0.47557 
0.79502 1.39600 0.31878 1.85279 2.10279 12.45031 6702.4 11170.4 2.14035 0.47549 
0.79517 1.40400 0.32297 1.85772 2.10938 12.43682 6720.8 11201.3 2.14550 0.47542 
0.79532 1.41200 0.32718 1.86257 2.11589 12.42336 6739.2 11232.0 2.15050 0.47534 
0.79547 1.42000 0.33142 1.86735 2.12229 12.40993 6757.4 11262.4 2.15537 0.47527 
0.79562 1.42800 0.33568 1.87205 2.12861 12.39653 6775.5 11292.7 2.16011 0.47520 
0.79577 1.43600 0.33996 1.87667 2.13483 12.38316 6793.6 11322.7 2.16471 0.47513 
0.79592 1.44400 0.34427 1.88122 2.14096 12.36982 6811.4 11352.5 2.16919 0.47506 
0.79607 1.45200 0.34860 1.88570 2.14700 12.35652 6829.2 11382.2 2.17354 0.47499 
0.79623 1.46000 0.35296 1.89010 2.15296 12.34324 6846.9 11411.6 2.17776 0.47492 
0.79638 1.46800 0.35734 1.89444 2.15882 12.33001 6864.4 11440.9 2.18186 0.47485 
0.79654 1.47600 0.36174 1.89870 2.16460 12.31681 6881.8 11469.9 2.18584 0.47478 
0.79670 1.48400 0.36617 1.90290 2.17029 12.30363 6899.1 11498.8 2.18969 0.47472 
0.79685 1.49200 0.37061 1.90703 2.17590 12.29051 6916.3 11527.5 2.19344 0.47465 
0.79701 1.50000 0.37509 1.91109 2.18143 12.27744 6933.5 11556.0 2.19708 0.47459 
0.79716 1.50800 0.37958 1.91509 2.18688 12.26442 6950.5 11584.4 2.20061 0.47454 
0.79732 1.51600 0.38410 1.91903 2.19224 12.25144 6967.5 11612.5 2.20403 0.47448 
0.79747 1.52400 0.38864 1.92291 2.19753 12.23850 6984.4 11640.5 2.20734 0.47442 
0.79763 1.53200 0.39320 1.92672 2.20274 12.22560 7001.1 11668.3 2.21055 0.47437 
0.79779 1.54000 0.39779 1.93047 2.20787 12.21275 7017.7 11695.9 2.21365 0.47432 
0.79794 1.54800 0.40239 1.93416 2.21293 12.19993 7034.3 11723.3 2.21666 0.47426 
0.79810 1.55600 0.40702 1.93779 2.21791 12.18715 7050.7 11750.6 2.21956 0.47421 
0.79826 1.56400 0.41168 1.94136 2.22281 12.17441 7067.0 11777.8 2.22237 0.47416 
0.79841 1.57200 0.41635 1.94487 2.22764 12.16171 7083.2 11804.8 2.22507 0.47411 
0.79857 1.58000 0.42105 1.94829 2.23236 12.14896 7099.2 11831.7 2.22765 0.47406 
0.79873 1.58800 0.42577 1.95169 2.23704 12.13635 7115.2 11858.3 2.23017 0.47401 
0.79888 1.59600 0.43051 1.95503 2.24165 12.12378 7131.1 11884.8 2.23259 0.47397 
0.79904 1.60400 0.43527 1.95832 2.24619 12.11125 7146.9 11911.2 2.23493 0.47392 
0.79919 1.61200 0.44005 1.96156 2.25067 12.09876 7162.7 11937.4 2.23718 0.47387 
0.79935 1.62000 0.44486 1.96474 2.25507 12.08633 7178.3 11963.4 2.23934 0.47383 
0.79950 1.62800 0.44969 1.96787 2.25941 12.07393 7193.8 11989.3 2.24142 0.47378 
0.79966 1.63600 0.45454 1.97095 2.26368 12.06158 7209.2 12015.0 2.24342 0.47374 
0.79981 1.64400 0.45941 1.97397 2.26789 12.04928 7224.6 12040.6 2.24534 0.47370 
0.79996 1.65200 0.46430 1.97695 2.27203 12.03701 7239.8 12066.1 2.24717 0.47365 
0.80011 1.66000 0.46921 1.97978 2.27597 12.02453 7255.0 12091.6 2.24879 0.47363 
0.80026 1.66800 0.47414 1.98265 2.27998 12.01237 7270.1 12116.8 2.25047 0.47360 
0.80041 1.67600 0.47910 1.98549 2.28393 12.00026 7285.2 12141.8 2.25207 0.47356 
0.80056 1.68400 0.48408 1.98827 2.28782 11.98819 7300.1 12166.6 2.25359 0.47352 
0.80071 1.69200 0.48907 1.99101 2.29165 11.97617 7315.0 12191.3 2.25505 0.47349 
0.80086 1.70000 0.49409 1.99370 2.29542 11.96419 7329.7 12215.9 2.25643 0.47345 
0.80100 1.70800 0.49913 1.99635 2.29913 11.95226 7344.4 12240.3 2.25774 0.47342 
0.80115 1.71600 0.50419 1.99895 2.30278 11.94037 7359.0 12264.6 2.25898 0.47338 
0.80130 1.72400 0.50927 2.00151 2.30637 11.92852 7373.5 12288.8 2.26014 0.47335 
0.80144 1.73200 0.51436 2.00402 2.30990 11.91673 7387.9 12312.8 2.26124 0.47332 
0.80159 1.74000 0.51948 2.00650 2.31338 11.90498 7402.3 12336.7 2.26228 0.47328 
0.80173 1.74800 0.52462 2.00893 2.31680 11.89328 7416.5 12360.5 2.26325 0.47325 
0.80188 1.75600 0.52978 2.01132 2.32017 11.88163 7430.7 12384.1 2.26416 0.47322 
0.80202 1.76400 0.53496 2.01367 2.32349 11.87002 7444.9 12407.6 2.26501 0.47319 
0.80216 1.77200 0.54016 2.01598 2.32675 11.85845 7458.9 12431.0 2.26580 0.47316 
0.80230 1.78000 0.54538 2.01825 2.32996 11.84694 7472.9 12454.3 2.26652 0.47313 
0.80245 1.78800 0.55062 2.02048 2.33312 11.83546 7486.8 12477.4 2.26719 0.47311 
0.80259 1.79600 0.55588 2.02268 2.33623 11.82404 7500.6 12500.4 2.26780 0.47308 
0.80273 1.80400 0.56116 2.02484 2.33929 11.81266 7514.3 12523.3 2.26836 0.47305 
0.80287 1.81200 0.56645 2.02696 2.34230 11.80132 7528.0 12546.0 2.26886 0.47303 
0.80301 1.82000 0.57177 2.02904 2.34526 11.79003 7541.6 12568.7 2.26930 0.47300 
0.80315 1.82800 0.57711 2.03109 2.34817 11.77879 7555.1 12591.2 2.26969 0.47297 
0.80328 1.83600 0.58246 2.03310 2.35104 11.76758 7568.6 12613.6 2.27003 0.47295 
0.80342 1.84400 0.58783 2.03508 2.35385 11.75643 7581.9 12635.9 2.27032 0.47292 
0.80356 1.85200 0.59323 2.03702 2.35662 11.74532 7595.2 12658.0 2.27055 0.47290 
0.80370 1.86000 0.59864 2.03893 2.35934 11.73425 7608.4 12680.1 2.27073 0.47287 
0.80383 1.86800 0.60407 2.04080 2.36202 11.72323 7621.6 12702.0 2.27087 0.47285 
0.80397 1.87600 0.60952 2.04265 2.36466 11.71225 7634.7 12723.8 2.27096 0.47283 
0.80410 1.88400 0.61499 2.04446 2.36725 11.70132 7647.7 12745.6 2.27100 0.47280 
0.80424 1.89200 0.62048 2.04623 2.36980 11.69043 7660.7 12767.2 2.27099 0.47278 
0.80437 1.90000 0.62598 2.04798 2.37230 11.67959 7673.6 12788.6 2.27094 0.47276 
0.80451 1.90800 0.63151 2.04970 2.37476 11.66879 7686.4 12810.0 2.27084 0.47273 
0.80464 1.91600 0.63705 2.05138 2.37718 11.65804 7699.1 12831.3 2.27070 0.47271 
0.80477 1.92400 0.64261 2.05304 2.37956 11.64733 7711.8 12852.4 2.27052 0.47269 
0.80490 1.93200 0.64819 2.05466 2.38190 11.63666 7724.5 12873.5 2.27030 0.47267 
0.80503 1.94000 0.65379 2.05626 2.38420 11.62604 7737.0 12894.4 2.27004 0.47265 
0.80517 1.94800 0.65940 2.05783 2.38646 11.61546 7749.5 12915.3 2.26974 0.47263 
0.80530 1.95600 0.66504 2.05936 2.38868 11.60493 7762.0 12936.0 2.26939 0.47261 
0.80543 1.96400 0.67069 2.06087 2.39086 11.59444 7774.3 12956.7 2.26901 0.47259 
0.80555 1.97200 0.67636 2.06236 2.39300 11.58400 7786.6 12977.2 2.26859 0.47257 
0.80568 1.98000 0.68204 2.06381 2.39510 11.57360 7798.9 12997.6 2.26814 0.47255 
0.80581 1.98800 0.68775 2.06524 2.39716 11.56323 7811.0 13017.9 2.26764 0.47253 
0.80594 1.99600 0.69347 2.06664 2.39919 11.55292 7823.1 13038.2 2.26711 0.47251 
0.80607 2.00400 0.69921 2.06802 2.40119 11.54265 7835.2 13058.3 2.26654 0.47249 
0.80619 2.01200 0.70497 2.06937 2.40315 11.53242 7847.2 13078.3 2.26595 0.47247 
0.80632 2.02000 0.71074 2.07070 2.40507 11.52223 7859.2 13098.2 2.26532 0.47245 
0.80644 2.02800 0.71653 2.07200 2.40697 11.51209 7871.0 13118.1 2.26465 0.47244 
0.80657 2.03600 0.72234 2.07328 2.40882 11.50199 7882.9 13137.8 2.26396 0.47242 
0.80669 2.04400 0.72817 2.07453 2.41065 11.49193 7894.7 13157.5 2.26324 0.47240 
0.80681 2.05200 0.73401 2.07576 2.41244 11.48192 7906.4 13177.0 2.26248 0.47239 
0.80694 2.06000 0.73987 2.07697 2.41420 11.47194 7918.1 13196.4 2.26170 0.47237 
0.80706 2.06800 0.74574 2.07815 2.41592 11.46202 7929.7 13215.8 2.26088 0.47235 
0.80718 2.07600 0.75164 2.07931 2.41762 11.45214 7941.3 13235.1 2.26004 0.47234 
0.80730 2.08400 0.75755 2.08045 2.41928 11.44229 7952.8 13254.2 2.25917 0.47232 
0.80742 2.09200 0.76347 2.08157 2.42092 11.43249 7964.2 13273.3 2.25827 0.47231 
0.80754 2.10000 0.76941 2.08266 2.42252 11.42272 7975.6 13292.3 2.25734 0.47229 
0.80766 2.10800 0.77537 2.08373 2.42408 11.41300 7986.9 13311.2 2.25639 0.47228 
0.80778 2.11600 0.78135 2.08478 2.42562 11.40332 7998.2 13330.0 2.25541 0.47226 
0.80790 2.12400 0.78734 2.08581 2.42713 11.39368 8009.4 13348.7 2.25440 0.47225 
0.80801 2.13200 0.79335 2.08682 2.42861 11.38408 8020.6 13367.3 2.25337 0.47223 
0.80813 2.14000 0.79937 2.08781 2.43006 11.37452 8031.7 13385.9 2.25231 0.47222 
0.80825 2.14800 0.80541 2.08878 2.43148 11.36500 8042.7 13404.3 2.25123 0.47220 
0.80836 2.15600 0.81147 2.08973 2.43288 11.35552 8053.7 13422.7 2.25012 0.47219 
0.80848 2.16400 0.81754 2.09066 2.43425 11.34608 8064.7 13441.0 2.24900 0.47217 
0.80859 2.17200 0.82363 2.09157 2.43559 11.33668 8075.6 13459.2 2.24785 0.47216 
0.80871 2.18000 0.82973 2.09246 2.43691 11.32731 8086.5 13477.3 2.24668 0.47214 
0.80882 2.18800 0.83585 2.09333 2.43819 11.31799 8097.3 13495.3 2.24548 0.47213 
0.80894 2.19600 0.84199 2.09419 2.43946 11.30871 8108.0 13513.3 2.24427 0.47211 
0.80905 2.20400 0.84814 2.09503 2.44069 11.29946 8118.8 13531.1 2.24304 0.47210 
0.80916 2.21200 0.85431 2.09585 2.44191 11.29026 8129.4 13548.9 2.24178 0.47209 
0.80927 2.22000 0.86049 2.09665 2.44309 11.28109 8140.0 13566.6 2.24051 0.47207 
0.80938 2.22800 0.86669 2.09743 2.44425 11.27196 8150.6 13584.3 2.23921 0.47206 
0.80949 2.23600 0.87290 2.09820 2.44539 11.26287 8161.1 13601.8 2.23790 0.47205 
0.80960 2.24400 0.87913 2.09895 2.44650 11.25382 8171.6 13619.3 2.23657 0.47203 
0.80971 2.25200 0.88537 2.09968 2.44759 11.24481 8182.0 13636.6 2.23522 0.47202 
0.80982 2.26000 0.89163 2.10040 2.44865 11.23583 8192.4 13654.0 2.23385 0.47200 
0.80993 2.26800 0.89791 2.10110 2.44969 11.22690 8202.7 13671.2 2.23247 0.47199 
0.81004 2.27600 0.90420 2.10179 2.45071 11.21800 8212.9 13688.3 2.23106 0.47198 
0.81014 2.28400 0.91050 2.10246 2.45170 11.20914 8223.2 13705.4 2.22965 0.47196 
0.81025 2.29200 0.91682 2.10311 2.45267 11.20032 8233.4 13722.4 2.22821 0.47195 
0.81036 2.30000 0.92315 2.10375 2.45362 11.19154 8243.5 13739.3 2.22676 0.47194 
0.81046 2.30800 0.92950 2.10437 2.45455 11.18279 8253.6 13756.2 2.22530 0.47193 
0.81057 2.31600 0.93587 2.10498 2.45546 11.17408 8263.7 13772.9 2.22382 0.47191 
0.81067 2.32400 0.94225 2.10558 2.45635 11.16541 8273.7 13789.6 2.22233 0.47190 
0.81077 2.33200 0.94864 2.10616 2.45722 11.15678 8283.7 13806.3 2.22083 0.47189 
0.81088 2.34000 0.95505 2.10673 2.45806 11.14818 8293.6 13822.8 2.21931 0.47188 
0.81098 2.34800 0.96147 2.10728 2.45889 11.13962 8303.5 13839.3 2.21778 0.47187 
0.81108 2.35600 0.96790 2.10782 2.45970 11.13109 8313.4 13855.7 2.21623 0.47186 
0.81118 2.36400 0.97435 2.10835 2.46049 11.12260 8323.2 13872.0 2.21468 0.47185 
0.81128 2.37200 0.98082 2.10886 2.46126 11.11416 8333.0 13888.3 2.21311 0.47184 
0.81138 2.38000 0.98730 2.10936 2.46201 11.10574 8342.8 13904.5 2.21153 0.47183 
0.81148 2.38800 0.99379 2.10985 2.46274 11.09736 8352.5 13920.6 2.20993 0.47182 
0.81158 2.39600 1.00030 2.11033 2.46345 11.08901 8362.1 13936.6 2.20833 0.47181 
0.81168 2.40400 1.00682 2.11079 2.46414 11.08069 8371.7 13952.6 2.20671 0.47180 
0.81177 2.41200 1.01335 2.11124 2.46482 11.07241 8381.3 13968.5 2.20508 0.47179 
0.81187 2.42000 1.01990 2.11168 2.46548 11.06417 8390.8 13984.4 2.20344 0.47178 
0.81197 2.42800 1.02647 2.11210 2.46612 11.05596 8400.3 14000.2 2.20180 0.47177 
0.81206 2.43600 1.03304 2.11252 2.46674 11.04778 8409.7 14015.9 2.20014 0.47176 
0.81216 2.44400 1.03963 2.11292 2.46734 11.03964 8419.1 14031.6 2.19847 0.47175 
0.81225 2.45200 1.04623 2.11331 2.46793 11.03154 8428.5 14047.1 2.19679 0.47174 
0.81235 2.46000 1.05285 2.11368 2.46850 11.02346 8437.8 14062.7 2.19510 0.47173 
0.81244 2.46800 1.05948 2.11405 2.46905 11.01542 8447.1 14078.1 2.19341 0.47172 
0.81254 2.47600 1.06613 2.11441 2.46959 11.00742 8456.3 14093.5 2.19170 0.47171 
0.81263 2.48400 1.07278 2.11475 2.47011 10.99945 8465.5 14108.8 2.18999 0.47170 
0.81272 2.49200 1.07945 2.11508 2.47061 10.99150 8474.6 14124.1 2.18826 0.47169 
0.81281 2.50000 1.08614 2.11541 2.47110 10.98360 8483.7 14139.3 2.18653 0.47167 
0.81290 2.50800 1.09283 2.11572 2.47158 10.97572 8492.8 14154.4 2.18480 0.47166 
0.81300 2.51600 1.09955 2.11602 2.47204 10.96788 8501.9 14169.5 2.18305 0.47165 
0.81309 2.52400 1.10627 2.11632 2.47248 10.96007 8510.9 14184.5 2.18130 0.47164 
0.81318 2.53200 1.11301 2.11660 2.47291 10.95230 8519.8 14199.5 2.17954 0.47163 
0.81327 2.54000 1.11976 2.11687 2.47332 10.94455 8528.8 14214.4 2.17777 0.47163 
0.81336 2.54800 1.12652 2.11714 2.47372 10.93683 8537.7 14229.2 2.17599 0.47161 
0.81344 2.55600 1.13329 2.11739 2.47411 10.92915 8546.5 14243.9 2.17421 0.47160 
0.81353 2.56400 1.14008 2.11763 2.47448 10.92150 8555.4 14258.7 2.17242 0.47159 
0.81362 2.57200 1.14688 2.11787 2.47484 10.91388 8564.2 14273.3 2.17063 0.47159 
0.81371 2.58000 1.15370 2.11809 2.47518 10.90630 8572.9 14287.9 2.16883 0.47158 
0.81379 2.58800 1.16052 2.11831 2.47551 10.89874 8581.6 14302.4 2.16702 0.47157 
0.81388 2.59600 1.16736 2.11852 2.47583 10.89121 8590.3 14316.9 2.16521 0.47156 
0.81397 2.60400 1.17422 2.11871 2.47613 10.88372 8599.0 14331.3 2.16339 0.47155 
0.81405 2.61200 1.18108 2.11890 2.47642 10.87625 8607.6 14345.6 2.16156 0.47154 
0.81414 2.62000 1.18796 2.11909 2.47670 10.86881 8616.2 14359.9 2.15974 0.47153 
0.81422 2.62800 1.19485 2.11926 2.47696 10.86141 8624.7 14374.2 2.15790 0.47152 
0.81431 2.63600 1.20175 2.11942 2.47721 10.85403 8633.2 14388.4 2.15606 0.47151 
0.81439 2.64400 1.20866 2.11958 2.47745 10.84668 8641.7 14402.5 2.15422 0.47150 
0.81447 2.65200 1.21559 2.11972 2.47768 10.83936 8650.1 14416.6 2.15237 0.47149 
0.81456 2.66000 1.22253 2.11986 2.47789 10.83207 8658.5 14430.6 2.15051 0.47147 
0.81464 2.66800 1.22948 2.11999 2.47809 10.82481 8666.9 14444.5 2.14865 0.47146 
0.81472 2.67600 1.23644 2.12012 2.47828 10.81758 8675.2 14458.4 2.14679 0.47145 
0.81480 2.68400 1.24342 2.12023 2.47846 10.81038 8683.5 14472.3 2.14492 0.47144 
0.81488 2.69200 1.25040 2.12034 2.47863 10.80321 8691.8 14486.1 2.14305 0.47143 
0.81496 2.70000 1.25740 2.12044 2.47878 10.79606 8700.0 14499.8 2.14117 0.47142 
0.81504 2.70800 1.26441 2.12053 2.47892 10.78895 8708.2 14513.5 2.13929 0.47141 
0.81512 2.71600 1.27144 2.12061 2.47905 10.78186 8716.3 14527.1 2.13741 0.47140 
0.81521 2.72400 1.27847 2.12069 2.47917 10.77479 8724.4 14540.7 2.13552 0.47138 
0.81529 2.73200 1.28552 2.12076 2.47928 10.76776 8732.5 14554.2 2.13363 0.47137 
0.81536 2.74000 1.29258 2.12082 2.47938 10.76075 8740.6 14567.7 2.13173 0.47136 
0.81544 2.74800 1.29965 2.12088 2.47947 10.75378 8748.6 14581.1 2.12984 0.47135 
0.81552 2.75600 1.30673 2.12093 2.47954 10.74683 8756.6 14594.5 2.12794 0.47133 
0.81560 2.76400 1.31382 2.12097 2.47961 10.73990 8764.6 14607.8 2.12603 0.47132 
0.81567 2.77200 1.32093 2.12101 2.47967 10.73302 8772.5 14621.0 2.12413 0.47131 
0.81575 2.78000 1.32804 2.12104 2.47972 10.72615 8780.4 14634.2 2.12223 0.47130 
0.81583 2.78800 1.33517 2.12106 2.47975 10.71931 8788.3 14647.4 2.12032 0.47129 
0.81590 2.79600 1.34231 2.12108 2.47978 10.71250 8796.2 14660.5 2.11840 0.47128 
0.81597 2.80400 1.34946 2.12109 2.47980 10.70575 8804.1 14673.5 2.11650 0.47127 
0.81605 2.81200 1.35662 2.12093 2.47956 10.69864 8812.0 14687.0 2.11435 0.47129 
0.81612 2.82000 1.36380 2.12092 2.47956 10.69191 8819.7 14699.9 2.11243 0.47128 
0.81620 2.82800 1.37098 2.12091 2.47955 10.68520 8827.5 14712.8 2.11050 0.47126 
0.81627 2.83600 1.37818 2.12090 2.47952 10.67851 8835.2 14725.7 2.10858 0.47125 
0.81634 2.84400 1.38538 2.12088 2.47949 10.67186 8842.8 14738.5 2.10665 0.47124 
0.81642 2.85200 1.39260 2.12085 2.47945 10.66523 8850.5 14751.3 2.10472 0.47123 
0.81649 2.86000 1.39983 2.12082 2.47941 10.65862 8858.1 14764.0 2.10279 0.47121 
0.81656 2.86800 1.40707 2.12078 2.47935 10.65204 8865.7 14776.6 2.10086 0.47120 
0.81664 2.87600 1.41432 2.12074 2.47929 10.64549 8873.3 14789.2 2.09893 0.47119 
0.81671 2.88400 1.42158 2.12069 2.47921 10.63896 8880.8 14801.8 2.09700 0.47118 
0.81678 2.89200 1.42885 2.12063 2.47913 10.63245 8888.3 14814.3 2.09506 0.47116 
0.81685 2.90000 1.43613 2.12057 2.47904 10.62598 8895.8 14826.8 2.09313 0.47115 
0.81692 2.90800 1.44343 2.12051 2.47894 10.61952 8903.2 14839.2 2.09119 0.47114 
0.81700 2.91600 1.45073 2.12043 2.47883 10.61305 8910.4 14851.7 2.08924 0.47111 
0.81707 2.92400 1.45805 2.12036 2.47871 10.60665 8917.8 14864.0 2.08730 0.47110 
0.81714 2.93200 1.46537 2.12028 2.47859 10.60027 8925.2 14876.3 2.08537 0.47109 
0.81721 2.94000 1.47271 2.12019 2.47846 10.59392 8932.5 14888.5 2.08343 0.47107 
0.81726 2.94800 1.48005 2.12011 2.47834 10.58767 8940.2 14900.6 2.08153 0.47108 
0.81733 2.95600 1.48741 2.12002 2.47820 10.58136 8947.4 14912.8 2.07959 0.47107 
0.81740 2.96400 1.49478 2.11992 2.47805 10.57508 8954.7 14924.9 2.07765 0.47106 
0.81746 2.97200 1.50215 2.11982 2.47789 10.56885 8962.1 14936.9 2.07573 0.47105 
0.81753 2.98000 1.50954 2.11971 2.47773 10.56262 8969.3 14948.9 2.07379 0.47104 
0.81761 2.98800 1.51694 2.11958 2.47754 10.55633 8976.1 14961.0 2.07182 0.47100 
0.81768 2.99600 1.52435 2.11947 2.47736 10.55015 8983.2 14972.9 2.06988 0.47099 
0.81774 3.00400 1.53177 2.11934 2.47717 10.54398 8990.4 14984.8 2.06794 0.47098 
0.81781 3.01200 1.53920 2.11922 2.47698 10.53784 8997.4 14996.6 2.06601 0.47096 
0.81788 3.02000 1.54664 2.11909 2.47678 10.53173 9004.5 15008.4 2.06407 0.47095 
0.81797 3.02800 1.55409 2.11893 2.47655 10.52550 9010.9 15020.4 2.06208 0.47090 
0.81804 3.03600 1.56154 2.11879 2.47634 10.51943 9017.9 15032.1 2.06014 0.47088 
0.81810 3.04400 1.56901 2.11865 2.47612 10.51338 9024.9 15043.8 2.05821 0.47087 
0.81817 3.05200 1.57649 2.11850 2.47589 10.50735 9031.9 15055.4 2.05627 0.47085 
0.81823 3.06000 1.58398 2.11835 2.47566 10.50135 9038.8 15067.0 2.05434 0.47084 
0.81830 3.06800 1.59148 2.11819 2.47542 10.49537 9045.7 15078.5 2.05241 0.47083 
0.81836 3.07600 1.59899 2.11804 2.47518 10.48941 9052.6 15090.1 2.05048 0.47081 
0.81842 3.08400 1.60651 2.11787 2.47493 10.48346 9059.4 15101.5 2.04854 0.47080 
0.81849 3.09200 1.61404 2.11771 2.47467 10.47755 9066.3 15113.0 2.04661 0.47078 
0.81855 3.10000 1.62158 2.11754 2.47441 10.47166 9073.1 15124.3 2.04468 0.47077 
0.81861 3.10800 1.62913 2.11736 2.47414 10.46579 9079.9 15135.7 2.04276 0.47076 
0.81867 3.11600 1.63668 2.11718 2.47387 10.45994 9086.7 15147.0 2.04083 0.47074 
0.81874 3.12400 1.64425 2.11700 2.47359 10.45412 9093.5 15158.2 2.03890 0.47073 
0.81880 3.13200 1.65183 2.11682 2.47331 10.44831 9100.2 15169.5 2.03698 0.47072 
0.81886 3.14000 1.65942 2.11663 2.47302 10.44253 9106.9 15180.6 2.03505 0.47070 
0.81892 3.14800 1.66701 2.11644 2.47272 10.43677 9113.6 15191.8 2.03313 0.47069 
0.81898 3.15600 1.67462 2.11624 2.47242 10.43103 9120.3 15202.9 2.03121 0.47067 
0.81904 3.16400 1.68223 2.11604 2.47211 10.42531 9126.9 15213.9 2.02929 0.47066 
0.81910 3.17200 1.68986 2.11584 2.47180 10.41961 9133.5 15225.0 2.02737 0.47064 
0.81916 3.18000 1.69749 2.11564 2.47148 10.41394 9140.1 15235.9 2.02546 0.47063 
0.81919 3.18800 1.70514 2.11545 2.47118 10.40842 9147.4 15246.7 2.02359 0.47066 
0.81925 3.19600 1.71279 2.11524 2.47085 10.40278 9154.0 15257.6 2.02168 0.47064 
0.81932 3.20400 1.72045 2.11502 2.47052 10.39713 9160.2 15268.5 2.01976 0.47061 
0.81937 3.21200 1.72812 2.11480 2.47018 10.39153 9166.7 15279.3 2.01785 0.47060 
0.81943 3.22000 1.73580 2.11458 2.46984 10.38596 9173.2 15290.1 2.01594 0.47058 
0.81949 3.22800 1.74349 2.11436 2.46949 10.38041 9179.7 15300.9 2.01403 0.47057 
0.81955 3.23600 1.75119 2.11413 2.46914 10.37487 9186.1 15311.6 2.01213 0.47056 
0.81960 3.24400 1.75890 2.11390 2.46879 10.36936 9192.5 15322.3 2.01023 0.47054 
0.81966 3.25200 1.76662 2.11367 2.46843 10.36387 9198.9 15332.9 2.00833 0.47053 
0.81972 3.26000 1.77434 2.11344 2.46807 10.35839 9205.3 15343.5 2.00643 0.47051 
0.81977 3.26800 1.78208 2.11320 2.46770 10.35294 9211.6 15354.1 2.00453 0.47049 
0.81983 3.27600 1.78982 2.11296 2.46732 10.34751 9217.9 15364.6 2.00264 0.47048 
0.81989 3.28400 1.79758 2.11271 2.46695 10.34209 9224.2 15375.1 2.00074 0.47046 
0.81994 3.29200 1.80534 2.11270 2.46690 10.33711 9230.3 15385.1 1.99923 0.47043 
0.82000 3.30000 1.81311 2.11245 2.46652 10.33173 9236.6 15395.5 1.99735 0.47041 
0.82005 3.30800 1.82089 2.11220 2.46613 10.32638 9242.8 15405.9 1.99546 0.47040 
0.82011 3.31600 1.82868 2.11195 2.46574 10.32104 9249.0 15416.3 1.99358 0.47038 
0.82016 3.32400 1.83647 2.11169 2.46534 10.31573 9255.2 15426.6 1.99170 0.47036 
0.82022 3.33200 1.84428 2.11143 2.46494 10.31043 9261.3 15436.9 1.98982 0.47035 
0.82027 3.34000 1.85209 2.11117 2.46453 10.30515 9267.5 15447.1 1.98795 0.47033 
0.82033 3.34800 1.85992 2.11091 2.46412 10.29989 9273.6 15457.3 1.98607 0.47032 
0.82038 3.35600 1.86775 2.11064 2.46371 10.29465 9279.7 15467.5 1.98420 0.47030 
0.82043 3.36400 1.87559 2.11038 2.46329 10.28942 9285.8 15477.7 1.98233 0.47029 
0.82053 3.37200 1.88344 2.11007 2.46283 10.28400 9290.8 15488.1 1.98037 0.47021 
0.82047 3.38000 1.89130 2.10989 2.46250 10.27936 9299.6 15497.3 1.97873 0.47035 
0.82059 3.38800 1.89916 2.10956 2.46202 10.27387 9303.9 15507.9 1.97674 0.47024 
0.82064 3.39600 1.90704 2.10928 2.46159 10.26872 9309.9 15517.9 1.97488 0.47022 
0.82068 3.40400 1.91492 2.10901 2.46116 10.26365 9316.2 15527.8 1.97304 0.47022 
0.82073 3.41200 1.92281 2.10873 2.46072 10.25854 9322.2 15537.7 1.97118 0.47021 
0.82078 3.42000 1.93071 2.10845 2.46028 10.25344 9328.2 15547.6 1.96933 0.47019 
0.82083 3.42800 1.93862 2.10816 2.45983 10.24837 9334.1 15557.5 1.96748 0.47018 
0.82088 3.43600 1.94653 2.10788 2.45939 10.24331 9340.0 15567.4 1.96563 0.47016 
0.82093 3.44400 1.95446 2.10759 2.45893 10.23826 9345.9 15577.2 1.96379 0.47014 
0.82099 3.45200 1.96239 2.10730 2.45848 10.23324 9351.7 15587.0 1.96195 0.47013 
0.82104 3.46000 1.97033 2.10700 2.45802 10.22823 9357.6 15596.7 1.96011 0.47011 
0.82109 3.46800 1.97828 2.10671 2.45756 10.22325 9363.4 15606.4 1.95827 0.47009 
0.82113 3.47600 1.98624 2.10641 2.45710 10.21827 9369.2 15616.1 1.95644 0.47008 
0.82118 3.48400 1.99421 2.10611 2.45663 10.21332 9375.0 15625.8 1.95461 0.47006 
0.82123 3.49200 2.00218 2.10581 2.45616 10.20838 9380.8 15635.4 1.95278 0.47004 
0.82128 3.50000 2.01016 2.10551 2.45569 10.20346 9386.5 15645.0 1.95095 0.47003 
0.82133 3.50800 2.01815 2.10468 2.45442 10.19763 9392.5 15655.8 1.94842 0.47009 
0.82138 3.51600 2.02615 2.10438 2.45394 10.19274 9398.2 15665.3 1.94659 0.47007 
0.82143 3.52400 2.03415 2.10407 2.45346 10.18787 9403.9 15674.8 1.94477 0.47005 
0.82159 3.53200 2.04216 2.10405 2.45346 10.18317 9406.7 15684.2 1.94326 0.46983 
0.82164 3.54000 2.05018 2.10375 2.45298 10.17834 9412.3 15693.6 1.94145 0.46981 
0.82168 3.54800 2.05821 2.10344 2.45249 10.17352 9418.0 15703.0 1.93964 0.46979 
0.82173 3.55600 2.06625 2.10312 2.45200 10.16872 9423.6 15712.4 1.93784 0.46978 
0.82178 3.56400 2.07429 2.10281 2.45151 10.16393 9429.1 15721.8 1.93604 0.46976 
0.82183 3.57200 2.08235 2.10250 2.45102 10.15917 9434.7 15731.1 1.93425 0.46974 
0.82187 3.58000 2.09041 2.10218 2.45052 10.15441 9440.3 15740.3 1.93246 0.46972 
0.82192 3.58800 2.09847 2.10186 2.45002 10.14968 9445.8 15749.6 1.93067 0.46971 
0.82185 3.59600 2.10655 2.10122 2.44899 10.14477 9454.4 15758.9 1.92850 0.46989 
0.82190 3.60400 2.11463 2.10091 2.44850 10.14009 9460.0 15768.1 1.92673 0.46988 
0.82194 3.61200 2.12272 2.10058 2.44799 10.13540 9465.5 15777.2 1.92494 0.46986 
0.82199 3.62000 2.13082 2.10026 2.44747 10.13072 9471.0 15786.4 1.92315 0.46984 
0.82203 3.62800 2.13893 2.09993 2.44696 10.12607 9476.4 15795.5 1.92137 0.46982 
0.82208 3.63600 2.14704 2.09960 2.44644 10.12143 9481.9 15804.5 1.91959 0.46980 
0.82212 3.64400 2.15516 2.09927 2.44592 10.11680 9487.3 15813.6 1.91781 0.46979 
0.82217 3.65200 2.16329 2.09895 2.44542 10.11221 9492.8 15822.6 1.91605 0.46977 
0.82221 3.66000 2.17143 2.09862 2.44490 10.10762 9498.2 15831.6 1.91428 0.46975 
0.82228 3.66800 2.17957 2.09719 2.44277 10.10091 9504.0 15843.5 1.91079 0.46982 
0.82233 3.67600 2.18772 2.09686 2.44224 10.09636 9509.3 15852.4 1.90902 0.46980 
0.82234 3.68400 2.19588 2.09760 2.44328 10.09390 9514.3 15858.4 1.90897 0.46970 
0.82241 3.69200 2.20405 2.09736 2.44292 10.08941 9518.9 15867.3 1.90730 0.46962 
0.82246 3.70000 2.21222 2.09703 2.44239 10.08490 9524.2 15876.1 1.90556 0.46960 
0.82250 3.70800 2.22040 2.09669 2.44187 10.08041 9529.5 15884.9 1.90381 0.46958 
0.82255 3.71600 2.22859 2.09636 2.44134 10.07593 9534.7 15893.7 1.90207 0.46956 
0.82259 3.72400 2.23678 2.09603 2.44082 10.07146 9540.0 15902.5 1.90034 0.46954 
0.82261 3.73200 2.24498 2.09554 2.44005 10.06689 9545.8 15911.3 1.89845 0.46957 
0.82265 3.74000 2.25319 2.09520 2.43951 10.06245 9551.0 15920.0 1.89671 0.46955 
0.82270 3.74800 2.26141 2.09488 2.43901 10.05804 9556.1 15928.7 1.89500 0.46953 
0.82274 3.75600 2.26963 2.09454 2.43846 10.05363 9561.3 15937.3 1.89327 0.46951 
0.82278 3.76400 2.27786 2.09419 2.43792 10.04924 9566.5 15945.9 1.89155 0.46949 
0.82282 3.77200 2.28610 2.09384 2.43737 10.04486 9571.7 15954.5 1.88983 0.46947 
0.82286 3.78000 2.29435 2.09350 2.43682 10.04049 9576.8 15963.1 1.88811 0.46945 
0.82290 3.78800 2.30260 2.09315 2.43628 10.03617 9582.1 15971.6 1.88640 0.46944 
0.82294 3.79600 2.31086 2.09281 2.43573 10.03183 9587.2 15980.1 1.88469 0.46942 
0.82298 3.80400 2.31912 2.09247 2.43520 10.02751 9592.2 15988.6 1.88299 0.46939 
0.82303 3.81200 2.32740 2.09212 2.43465 10.02320 9597.3 15997.1 1.88129 0.46937 
0.82306 3.82000 2.33568 2.09175 2.43407 10.01891 9602.5 16005.5 1.87958 0.46936 
0.82309 3.82800 2.34396 2.09142 2.43353 10.01470 9607.9 16013.8 1.87791 0.46936 
0.82313 3.83600 2.35226 2.09107 2.43298 10.01044 9613.0 16022.2 1.87621 0.46934 
0.82319 3.84400 2.36056 2.09072 2.43243 10.00612 9617.5 16030.6 1.87451 0.46930 
0.82323 3.85200 2.36887 2.09036 2.43187 10.00189 9622.5 16039.0 1.87282 0.46928 
0.82327 3.86000 2.37718 2.09001 2.43131 9.99767 9627.5 16047.3 1.87114 0.46926 
0.82332 3.86800 2.38550 2.08965 2.43075 9.99341 9632.2 16055.6 1.86944 0.46922 
0.82336 3.87600 2.39383 2.08930 2.43019 9.98922 9637.1 16063.9 1.86777 0.46920 
0.82338 3.88400 2.40216 2.08895 2.42963 9.98509 9642.4 16072.0 1.86612 0.46920 
0.82342 3.89200 2.41050 2.08859 2.42907 9.98093 9647.3 16080.2 1.86445 0.46918 
0.82347 3.90000 2.41885 2.08788 2.42798 9.97610 9652.1 16089.4 1.86232 0.46919 
0.82351 3.90800 2.42721 2.08752 2.42740 9.97195 9657.0 16097.6 1.86064 0.46917 
0.82355 3.91600 2.43557 2.08716 2.42683 9.96782 9661.9 16105.7 1.85896 0.46915 
0.82359 3.92400 2.44394 2.08679 2.42625 9.96369 9666.8 16113.8 1.85727 0.46913 
0.82363 3.93200 2.45231 2.08642 2.42567 9.95959 9671.7 16121.9 1.85560 0.46911 
0.82366 3.94000 2.46069 2.08606 2.42509 9.95550 9676.6 16129.9 1.85393 0.46908 
0.82370 3.94800 2.46908 2.08619 2.42527 9.95227 9681.0 16136.8 1.85302 0.46901 
0.82374 3.95600 2.47748 2.08583 2.42469 9.94820 9685.8 16144.9 1.85137 0.46899 
0.82378 3.96400 2.48588 2.08548 2.42414 9.94417 9690.6 16152.8 1.84975 0.46896 
0.82381 3.97200 2.49428 2.08513 2.42358 9.94016 9695.4 16160.8 1.84813 0.46894 
0.82385 3.98000 2.50270 2.08478 2.42302 9.93615 9700.2 16168.7 1.84652 0.46892 
0.82389 3.98800 2.51112 2.08442 2.42246 9.93216 9704.9 16176.6 1.84491 0.46890 
0.82392 3.99600 2.51955 2.08407 2.42190 9.92819 9709.6 16184.4 1.84331 0.46888 