ratio e_15 p_15 M M_0 r_star spin Omega_K I J/M^2 
0.94619 0.50000 0.02299 0.54992 0.56600 12.94151 1743.7 5806.7 0.39987 0.26235 
0.94598 0.50800 0.02402 0.56466 0.58179 12.90176 1774.1 5911.1 0.41426 0.26228 
0.94458 0.51600 0.02507 0.57997 0.59825 12.87214 1819.9 6012.6 0.43004 0.26476 
0.94491 0.52400 0.02616 0.59489 0.61435 12.83074 1837.5 6119.3 0.44517 0.26300 
0.94461 0.53200 0.02727 0.60991 0.63056 12.79825 1867.7 6219.0 0.46041 0.26304 
0.94448 0.54000 0.02842 0.62485 0.64673 12.76737 1896.1 6316.8 0.47553 0.26277 
0.94435 0.54800 0.02959 0.63990 0.66305 12.73840 1924.1 6413.8 0.49096 0.26250 
0.94412 0.55600 0.03079 0.65504 0.67952 12.71199 1953.5 6509.2 0.50673 0.26250 
0.94388 0.56400 0.03201 0.67016 0.69598 12.68775 1983.5 6602.1 0.52255 0.26260 
0.94371 0.57200 0.03327 0.68514 0.71233 12.66488 2011.8 6692.8 0.53827 0.26248 
0.94360 0.58000 0.03455 0.70003 0.72860 12.64300 2038.0 6781.7 0.55390 0.26212 
0.94346 0.58800 0.03587 0.71492 0.74492 12.62234 2063.3 6869.8 0.56976 0.26171 
0.94319 0.59600 0.03721 0.72995 0.76145 12.60298 2088.1 6958.0 0.58619 0.26139 
0.94282 0.60400 0.03858 0.74508 0.77813 12.58482 2113.5 7045.5 0.60304 0.26123 
0.94249 0.61200 0.03999 0.76015 0.79479 12.56759 2139.9 7130.8 0.61981 0.26117 
0.94227 0.62000 0.04142 0.77510 0.81135 12.55100 2166.0 7214.0 0.63638 0.26105 
0.94211 0.62800 0.04288 0.78994 0.82780 12.53500 2191.2 7295.5 0.65279 0.26083 
0.94200 0.63600 0.04437 0.80467 0.84418 12.51949 2215.4 7375.8 0.66912 0.26050 
0.94191 0.64400 0.04589 0.81933 0.86050 12.50456 2238.9 7454.8 0.68544 0.26012 
0.94181 0.65200 0.04744 0.83395 0.87683 12.49019 2261.7 7533.2 0.70188 0.25971 
0.94169 0.66000 0.04902 0.84855 0.89318 12.47637 2284.0 7610.8 0.71845 0.25931 
0.94157 0.66800 0.05063 0.86310 0.90951 12.46298 2306.0 7687.5 0.73508 0.25892 
0.94147 0.67600 0.05227 0.87757 0.92578 12.45014 2328.6 7762.7 0.75165 0.25860 
0.94139 0.68400 0.05393 0.89194 0.94199 12.43782 2351.6 7836.4 0.76813 0.25835 
0.94130 0.69200 0.05563 0.90623 0.95813 12.42610 2375.1 7908.8 0.78455 0.25817 
0.94123 0.70000 0.05736 0.92042 0.97419 12.41475 2398.0 7980.1 0.80093 0.25797 
0.94117 0.70800 0.05912 0.93447 0.99012 12.40354 2420.2 8050.3 0.81718 0.25770 
0.94113 0.71600 0.06091 0.94839 1.00593 12.39242 2441.3 8119.6 0.83331 0.25736 
0.94110 0.72400 0.06273 0.96219 1.02165 12.38148 2461.6 8188.1 0.84939 0.25697 
0.94102 0.73200 0.06458 0.97593 1.03734 12.37092 2481.6 8256.0 0.86556 0.25661 
0.94090 0.74000 0.06645 0.98964 1.05304 12.36066 2500.9 8323.7 0.88191 0.25625 
0.94075 0.74800 0.06836 1.00328 1.06871 12.35065 2520.2 8390.8 0.89837 0.25594 
0.94059 0.75600 0.07030 1.01685 1.08434 12.34072 2539.0 8457.2 0.91485 0.25562 
0.94046 0.76400 0.07227 1.03029 1.09986 12.33082 2558.0 8522.4 0.93116 0.25532 
0.94037 0.77200 0.07427 1.04360 1.11524 12.32085 2576.8 8586.6 0.94727 0.25502 
0.94030 0.78000 0.07630 1.05677 1.13051 12.31090 2595.4 8649.8 0.96320 0.25471 
0.94023 0.78800 0.07836 1.06982 1.14566 12.30105 2614.2 8712.1 0.97898 0.25444 
0.94018 0.79600 0.08045 1.08276 1.16071 12.29128 2632.9 8773.7 0.99465 0.25417 
0.94013 0.80400 0.08257 1.09557 1.17565 12.28162 2651.6 8834.4 1.01018 0.25393 
0.94009 0.81200 0.08471 1.10827 1.19048 12.27200 2670.2 8894.4 1.02559 0.25370 
0.94006 0.82000 0.08689 1.12083 1.20519 12.26239 2688.5 8953.6 1.04084 0.25346 
0.94005 0.82800 0.08910 1.13325 1.21977 12.25277 2706.5 9012.1 1.05593 0.25321 
0.94004 0.83600 0.09134 1.14555 1.23423 12.24313 2724.2 9070.0 1.07086 0.25295 
0.94004 0.84400 0.09361 1.15770 1.24855 12.23347 2741.4 9127.2 1.08564 0.25267 
0.94004 0.85200 0.09591 1.16974 1.26276 12.22384 2758.5 9183.7 1.10029 0.25240 
0.94003 0.86000 0.09824 1.18166 1.27687 12.21427 2775.3 9239.8 1.11485 0.25213 
0.94002 0.86800 0.10060 1.19347 1.29088 12.20475 2791.8 9295.4 1.12934 0.25187 
0.93999 0.87600 0.10298 1.20517 1.30479 12.19528 2808.2 9350.4 1.14374 0.25162 
0.93997 0.88400 0.10540 1.21675 1.31859 12.18582 2824.5 9404.9 1.15803 0.25139 
0.93996 0.89200 0.10785 1.22821 1.33228 12.17629 2840.4 9458.9 1.17218 0.25114 
0.93995 0.90000 0.11033 1.23953 1.34583 12.16672 2856.2 9512.2 1.18616 0.25090 
0.93996 0.90800 0.11283 1.25072 1.35926 12.15707 2871.7 9564.9 1.19995 0.25065 
0.93998 0.91600 0.11537 1.26178 1.37254 12.14735 2887.1 9617.1 1.21356 0.25040 
0.94001 0.92400 0.11794 1.27271 1.38570 12.13758 2902.2 9668.7 1.22699 0.25015 
0.94004 0.93200 0.12053 1.28351 1.39873 12.12779 2917.3 9719.7 1.24026 0.24991 
0.94007 0.94000 0.12316 1.29418 1.41163 12.11799 2932.2 9770.2 1.25337 0.24967 
0.94011 0.94800 0.12581 1.30473 1.42442 12.10820 2947.1 9820.2 1.26632 0.24945 
0.94014 0.95600 0.12849 1.31516 1.43707 12.09841 2962.0 9869.7 1.27913 0.24924 
0.94017 0.96400 0.13121 1.32547 1.44961 12.08863 2976.8 9918.6 1.29179 0.24905 
0.94019 0.97200 0.13395 1.33565 1.46203 12.07886 2991.7 9967.1 1.30429 0.24888 
0.94022 0.98000 0.13672 1.34572 1.47432 12.06909 3006.5 10015.1 1.31665 0.24872 
0.94024 0.98800 0.13952 1.35567 1.48650 12.05932 3021.3 10062.6 1.32885 0.24857 
0.94027 0.99600 0.14235 1.36550 1.49854 12.04955 3036.1 10109.6 1.34091 0.24844 
0.94029 1.00400 0.14520 1.37521 1.51047 12.03977 3050.8 10156.2 1.35281 0.24831 
0.94032 1.01200 0.14809 1.38480 1.52227 12.02997 3065.4 10202.4 1.36456 0.24819 
0.94035 1.02000 0.15100 1.39427 1.53395 12.02015 3079.8 10248.1 1.37615 0.24807 
0.94038 1.02800 0.15395 1.40361 1.54549 12.01029 3094.0 10293.4 1.38758 0.24795 
0.94041 1.03600 0.15692 1.41284 1.55691 12.00038 3107.9 10338.3 1.39884 0.24782 
0.94045 1.04400 0.15992 1.42193 1.56819 11.99043 3121.7 10382.8 1.40992 0.24769 
0.94049 1.05200 0.16295 1.43091 1.57933 11.98042 3135.1 10426.9 1.42084 0.24755 
0.94053 1.06000 0.16601 1.43976 1.59036 11.97038 3148.3 10470.7 1.43159 0.24740 
0.94056 1.06800 0.16909 1.44850 1.60125 11.96031 3161.3 10514.0 1.44219 0.24725 
0.94060 1.07600 0.17220 1.45713 1.61203 11.95023 3174.2 10557.1 1.45265 0.24711 
0.94062 1.08400 0.17535 1.46565 1.62270 11.94018 3187.0 10599.8 1.46298 0.24697 
0.94064 1.09200 0.17852 1.47407 1.63327 11.93015 3199.6 10642.3 1.47322 0.24684 
0.94066 1.10000 0.18171 1.48240 1.64373 11.92013 3212.1 10684.5 1.48336 0.24671 
0.94066 1.10800 0.18494 1.49062 1.65410 11.91015 3224.5 10726.4 1.49339 0.24660 
0.94066 1.11600 0.18819 1.49875 1.66436 11.90017 3236.8 10768.0 1.50331 0.24649 
0.94066 1.12400 0.19147 1.50677 1.67452 11.89019 3249.1 10809.3 1.51311 0.24639 
0.94066 1.13200 0.19478 1.51470 1.68457 11.88020 3261.2 10850.2 1.52278 0.24629 
0.94066 1.14000 0.19812 1.52251 1.69450 11.87016 3273.1 10890.8 1.53230 0.24619 
0.94066 1.14800 0.20148 1.53022 1.70431 11.86007 3285.0 10931.0 1.54165 0.24609 
0.94067 1.15600 0.20487 1.53782 1.71400 11.84995 3296.9 10970.8 1.55082 0.24600 
0.94069 1.16400 0.20829 1.54530 1.72356 11.83976 3308.5 11010.3 1.55982 0.24591 
0.94071 1.17200 0.21173 1.55269 1.73301 11.82952 3320.0 11049.4 1.56865 0.24580 
0.94074 1.18000 0.21520 1.55996 1.74233 11.81924 3331.4 11088.2 1.57732 0.24570 
0.94078 1.18800 0.21870 1.56714 1.75154 11.80893 3342.6 11126.7 1.58582 0.24559 
0.94081 1.19600 0.22223 1.57421 1.76063 11.79859 3353.8 11164.9 1.59416 0.24549 
0.94085 1.20400 0.22578 1.58118 1.76960 11.78823 3364.8 11202.7 1.60235 0.24538 
0.94089 1.21200 0.22936 1.58805 1.77847 11.77787 3375.7 11240.3 1.61039 0.24528 
0.94093 1.22000 0.23296 1.59483 1.78723 11.76748 3386.5 11277.7 1.61829 0.24517 
0.94098 1.22800 0.23659 1.60151 1.79588 11.75709 3397.3 11314.7 1.62605 0.24507 
0.94102 1.23600 0.24025 1.60808 1.80440 11.74665 3408.0 11351.5 1.63364 0.24498 
0.94106 1.24400 0.24393 1.61458 1.81283 11.73626 3418.7 11388.0 1.64112 0.24489 
0.94110 1.25200 0.24764 1.62099 1.82116 11.72586 3429.3 11424.2 1.64846 0.24480 
0.94114 1.26000 0.25138 1.62730 1.82939 11.71546 3439.8 11460.1 1.65566 0.24471 
0.94119 1.26800 0.25514 1.63353 1.83752 11.70506 3450.2 11495.7 1.66273 0.24463 
0.94123 1.27600 0.25893 1.63967 1.84554 11.69465 3460.6 11531.1 1.66967 0.24454 
0.94128 1.28400 0.26274 1.64572 1.85346 11.68425 3470.9 11566.2 1.67647 0.24447 
0.94132 1.29200 0.26658 1.65168 1.86127 11.67384 3481.2 11601.1 1.68314 0.24439 
0.94137 1.30000 0.27045 1.65756 1.86899 11.66344 3491.4 11635.7 1.68969 0.24432 
0.94142 1.30800 0.27434 1.66336 1.87662 11.65305 3501.6 11670.0 1.69610 0.24425 
0.94146 1.31600 0.27825 1.66907 1.88414 11.64266 3511.6 11704.1 1.70239 0.24418 
0.94151 1.32400 0.28220 1.67470 1.89156 11.63227 3521.7 11737.9 1.70856 0.24411 
0.94156 1.33200 0.28616 1.68025 1.89889 11.62189 3531.6 11771.5 1.71460 0.24405 
0.94161 1.34000 0.29015 1.68572 1.90613 11.61152 3541.6 11804.9 1.72052 0.24399 
0.94166 1.34800 0.29417 1.69111 1.91327 11.60116 3551.4 11838.0 1.72632 0.24393 
0.94171 1.35600 0.29821 1.69642 1.92032 11.59081 3561.2 11870.9 1.73200 0.24388 
0.94176 1.36400 0.30227 1.70166 1.92728 11.58047 3571.0 11903.6 1.73757 0.24382 
0.94180 1.37200 0.30636 1.70682 1.93415 11.57014 3580.8 11936.1 1.74303 0.24378 
0.94185 1.38000 0.31048 1.71191 1.94093 11.55982 3590.4 11968.3 1.74836 0.24373 
0.94190 1.38800 0.31462 1.71692 1.94762 11.54950 3600.0 12000.3 1.75359 0.24368 
0.94195 1.39600 0.31878 1.72186 1.95422 11.53921 3609.6 12032.1 1.75870 0.24364 
0.94200 1.40400 0.32297 1.72672 1.96073 11.52892 3619.1 12063.6 1.76371 0.24359 
0.94205 1.41200 0.32718 1.73152 1.96716 11.51865 3628.5 12095.0 1.76861 0.24355 
0.94210 1.42000 0.33142 1.73625 1.97350 11.50839 3638.0 12126.1 1.77340 0.24352 
0.94216 1.42800 0.33568 1.74091 1.97976 11.49815 3647.3 12157.1 1.77809 0.24348 
0.94221 1.43600 0.33996 1.74550 1.98594 11.48793 3656.7 12187.8 1.78267 0.24345 
0.94226 1.44400 0.34427 1.75002 1.99203 11.47772 3665.9 12218.3 1.78715 0.24342 
0.94231 1.45200 0.34860 1.75447 1.99804 11.46752 3675.1 12248.7 1.79153 0.24338 
0.94236 1.46000 0.35296 1.75886 2.00397 11.45735 3684.3 12278.8 1.79582 0.24335 
0.94241 1.46800 0.35734 1.76319 2.00983 11.44719 3693.4 12308.8 1.80000 0.24333 
0.94247 1.47600 0.36174 1.76745 2.01560 11.43704 3702.4 12338.5 1.80409 0.24330 
0.94252 1.48400 0.36617 1.77164 2.02129 11.42692 3711.4 12368.1 1.80808 0.24327 
0.94257 1.49200 0.37061 1.77578 2.02691 11.41681 3720.3 12397.4 1.81198 0.24325 
0.94262 1.50000 0.37509 1.77985 2.03245 11.40673 3729.2 12426.6 1.81578 0.24322 
0.94268 1.50800 0.37958 1.78386 2.03791 11.39666 3738.0 12455.6 1.81949 0.24319 
0.94273 1.51600 0.38410 1.78781 2.04330 11.38661 3746.7 12484.4 1.82312 0.24317 
0.94278 1.52400 0.38864 1.79170 2.04861 11.37657 3755.3 12513.1 1.82665 0.24314 
0.94284 1.53200 0.39320 1.79553 2.05385 11.36656 3763.9 12541.5 1.83009 0.24311 
0.94289 1.54000 0.39779 1.79931 2.05901 11.35657 3772.4 12569.8 1.83345 0.24309 
0.94294 1.54800 0.40239 1.80300 2.06407 11.34654 3780.8 12598.0 1.83669 0.24306 
0.94300 1.55600 0.40702 1.80666 2.06909 11.33659 3789.2 12625.9 1.83987 0.24304 
0.94305 1.56400 0.41168 1.81027 2.07404 11.32665 3797.5 12653.7 1.84298 0.24301 
0.94310 1.57200 0.41635 1.81382 2.07893 11.31674 3805.8 12681.3 1.84600 0.24298 
0.94316 1.58000 0.42105 1.81731 2.08375 11.30685 3814.0 12708.8 1.84894 0.24296 
0.94321 1.58800 0.42577 1.82076 2.08849 11.29699 3822.1 12736.1 1.85181 0.24293 
0.94327 1.59600 0.43051 1.82415 2.09318 11.28714 3830.2 12763.2 1.85459 0.24291 
0.94332 1.60400 0.43527 1.82749 2.09779 11.27732 3838.3 12790.1 1.85730 0.24288 
0.94337 1.61200 0.44005 1.83078 2.10234 11.26753 3846.3 12816.9 1.85994 0.24286 
0.94343 1.62000 0.44486 1.83402 2.10683 11.25776 3854.3 12843.6 1.86250 0.24284 
0.94348 1.62800 0.44969 1.83721 2.11126 11.24802 3862.2 12870.0 1.86498 0.24282 
0.94353 1.63600 0.45454 1.84036 2.11562 11.23830 3870.1 12896.4 1.86740 0.24280 
0.94359 1.64400 0.45941 1.84345 2.11992 11.22861 3878.0 12922.5 1.86975 0.24278 
0.94364 1.65200 0.46430 1.84650 2.12416 11.21895 3885.8 12948.6 1.87203 0.24276 
0.94369 1.66000 0.46921 1.84950 2.12835 11.20931 3893.5 12974.5 1.87425 0.24274 
0.94374 1.66800 0.47414 1.85246 2.13247 11.19970 3901.2 13000.2 1.87639 0.24272 
0.94380 1.67600 0.47910 1.85537 2.13653 11.19011 3908.9 13025.8 1.87848 0.24271 
0.94385 1.68400 0.48408 1.85824 2.14054 11.18056 3916.5 13051.2 1.88050 0.24269 
0.94390 1.69200 0.48907 1.86106 2.14449 11.17104 3924.1 13076.5 1.88246 0.24268 
0.94395 1.70000 0.49409 1.86384 2.14839 11.16155 3931.7 13101.7 1.88436 0.24267 
0.94400 1.70800 0.49913 1.86658 2.15223 11.15209 3939.2 13126.8 1.88620 0.24265 
0.94404 1.71600 0.50419 1.86928 2.15602 11.14266 3946.6 13151.7 1.88799 0.24264 
0.94409 1.72400 0.50927 1.87193 2.15975 11.13326 3954.1 13176.5 1.88972 0.24263 
0.94414 1.73200 0.51436 1.87455 2.16344 11.12389 3961.4 13201.1 1.89139 0.24262 
0.94419 1.74000 0.51948 1.87713 2.16707 11.11455 3968.8 13225.6 1.89301 0.24261 
0.94423 1.74800 0.52462 1.87967 2.17065 11.10524 3976.1 13250.0 1.89457 0.24260 
0.94428 1.75600 0.52978 1.88216 2.17418 11.09596 3983.3 13274.3 1.89608 0.24259 
0.94433 1.76400 0.53496 1.88462 2.17765 11.08671 3990.5 13298.4 1.89754 0.24258 
0.94437 1.77200 0.54016 1.88704 2.18108 11.07749 3997.7 13322.4 1.89894 0.24258 
0.94442 1.78000 0.54538 1.88943 2.18446 11.06830 4004.9 13346.2 1.90029 0.24257 
0.94446 1.78800 0.55062 1.89177 2.18779 11.05914 4012.0 13370.0 1.90160 0.24256 
0.94451 1.79600 0.55588 1.89408 2.19107 11.05001 4019.1 13393.6 1.90285 0.24256 
0.94455 1.80400 0.56116 1.89636 2.19430 11.04091 4026.1 13417.0 1.90405 0.24255 
0.94459 1.81200 0.56645 1.89860 2.19749 11.03184 4033.1 13440.4 1.90520 0.24255 
0.94464 1.82000 0.57177 1.90080 2.20063 11.02280 4040.0 13463.6 1.90631 0.24255 
0.94468 1.82800 0.57711 1.90297 2.20373 11.01378 4047.0 13486.7 1.90737 0.24254 
0.94473 1.83600 0.58246 1.90511 2.20678 11.00479 4053.8 13509.7 1.90838 0.24254 
0.94477 1.84400 0.58783 1.90721 2.20978 10.99583 4060.7 13532.6 1.90934 0.24253 
0.94481 1.85200 0.59323 1.90928 2.21274 10.98689 4067.5 13555.3 1.91025 0.24253 
0.94486 1.86000 0.59864 1.91131 2.21565 10.97799 4074.3 13577.9 1.91112 0.24253 
0.94490 1.86800 0.60407 1.91332 2.21852 10.96911 4081.0 13600.4 1.91194 0.24252 
0.94495 1.87600 0.60952 1.91529 2.22135 10.96025 4087.7 13622.7 1.91271 0.24252 
0.94499 1.88400 0.61499 1.91722 2.22413 10.95143 4094.3 13645.0 1.91345 0.24252 
0.94503 1.89200 0.62048 1.91913 2.22687 10.94263 4101.0 13667.1 1.91414 0.24251 
0.94508 1.90000 0.62598 1.92098 2.22953 10.93381 4107.6 13689.2 1.91476 0.24252 
0.94512 1.90800 0.63151 1.92283 2.23219 10.92507 4114.2 13711.1 1.91536 0.24251 
0.94516 1.91600 0.63705 1.92465 2.23481 10.91636 4120.7 13732.9 1.91593 0.24251 
0.94521 1.92400 0.64261 1.92643 2.23739 10.90768 4127.2 13754.6 1.91646 0.24251 
0.94525 1.93200 0.64819 1.92819 2.23993 10.89902 4133.7 13776.1 1.91694 0.24251 
0.94529 1.94000 0.65379 1.92992 2.24242 10.89040 4140.1 13797.6 1.91739 0.24251 
0.94534 1.94800 0.65940 1.93162 2.24489 10.88180 4146.5 13819.0 1.91780 0.24251 
0.94538 1.95600 0.66504 1.93330 2.24731 10.87323 4152.9 13840.2 1.91817 0.24251 
0.94542 1.96400 0.67069 1.93494 2.24969 10.86469 4159.2 13861.4 1.91850 0.24251 
0.94547 1.97200 0.67636 1.93656 2.25204 10.85618 4165.5 13882.4 1.91880 0.24251 
0.94551 1.98000 0.68204 1.93816 2.25435 10.84770 4171.8 13903.3 1.91907 0.24251 
0.94555 1.98800 0.68775 1.93972 2.25662 10.83925 4178.1 13924.1 1.91929 0.24251 
0.94560 1.99600 0.69347 1.94126 2.25886 10.83082 4184.3 13944.9 1.91949 0.24251 
0.94564 2.00400 0.69921 1.94278 2.26106 10.82243 4190.5 13965.5 1.91965 0.24251 
0.94568 2.01200 0.70497 1.94427 2.26323 10.81406 4196.6 13986.0 1.91978 0.24251 
0.94572 2.02000 0.71074 1.94573 2.26536 10.80572 4202.8 14006.4 1.91987 0.24251 
0.94576 2.02800 0.71653 1.94717 2.26746 10.79741 4208.9 14026.8 1.91993 0.24251 
0.94581 2.03600 0.72234 1.94859 2.26953 10.78914 4214.9 14047.0 1.91997 0.24251 
0.94585 2.04400 0.72817 1.94998 2.27156 10.78089 4221.0 14067.1 1.91997 0.24251 
0.94589 2.05200 0.73401 1.95135 2.27356 10.77266 4227.0 14087.1 1.91994 0.24251 
0.94593 2.06000 0.73987 1.95270 2.27553 10.76447 4232.9 14107.1 1.91988 0.24251 
0.94597 2.06800 0.74574 1.95402 2.27747 10.75631 4238.9 14126.9 1.91980 0.24251 
0.94601 2.07600 0.75164 1.95532 2.27937 10.74818 4244.8 14146.7 1.91968 0.24252 
0.94605 2.08400 0.75755 1.95660 2.28125 10.74008 4250.7 14166.3 1.91954 0.24252 
0.94609 2.09200 0.76347 1.95785 2.28309 10.73200 4256.6 14185.9 1.91937 0.24252 
0.94614 2.10000 0.76941 1.95909 2.28490 10.72396 4262.4 14205.3 1.91917 0.24252 
0.94618 2.10800 0.77537 1.96030 2.28668 10.71594 4268.2 14224.7 1.91895 0.24252 
0.94622 2.11600 0.78135 1.96149 2.28843 10.70795 4274.0 14244.0 1.91869 0.24252 
0.94626 2.12400 0.78734 1.96266 2.29016 10.69999 4279.7 14263.2 1.91842 0.24252 
0.94630 2.13200 0.79335 1.96382 2.29185 10.69206 4285.4 14282.3 1.91812 0.24253 
0.94633 2.14000 0.79937 1.96495 2.29352 10.68415 4291.2 14301.3 1.91779 0.24253 
0.94637 2.14800 0.80541 1.96606 2.29516 10.67628 4296.8 14320.2 1.91745 0.24253 
0.94641 2.15600 0.81147 1.96715 2.29677 10.66843 4302.5 14339.0 1.91707 0.24253 
0.94645 2.16400 0.81754 1.96822 2.29835 10.66061 4308.1 14357.8 1.91668 0.24254 
0.94649 2.17200 0.82363 1.96927 2.29991 10.65282 4313.7 14376.5 1.91626 0.24254 
0.94653 2.18000 0.82973 1.97031 2.30143 10.64506 4319.3 14395.0 1.91581 0.24254 
0.94657 2.18800 0.83585 1.97132 2.30294 10.63733 4324.8 14413.5 1.91535 0.24254 
0.94661 2.19600 0.84199 1.97232 2.30441 10.62962 4330.3 14431.9 1.91486 0.24255 
0.94664 2.20400 0.84814 1.97330 2.30586 10.62194 4335.8 14450.3 1.91436 0.24255 
0.94668 2.21200 0.85431 1.97426 2.30729 10.61429 4341.3 14468.5 1.91383 0.24255 
0.94672 2.22000 0.86049 1.97521 2.30869 10.60666 4346.7 14486.7 1.91328 0.24255 
0.94676 2.22800 0.86669 1.97613 2.31007 10.59907 4352.2 14504.7 1.91271 0.24255 
0.94680 2.23600 0.87290 1.97704 2.31142 10.59150 4357.6 14522.7 1.91212 0.24256 
0.94683 2.24400 0.87913 1.97793 2.31274 10.58396 4362.9 14540.7 1.91152 0.24256 
0.94687 2.25200 0.88537 1.97881 2.31405 10.57644 4368.3 14558.5 1.91089 0.24256 
0.94691 2.26000 0.89163 1.97967 2.31532 10.56896 4373.6 14576.2 1.91024 0.24257 
0.94694 2.26800 0.89791 1.98051 2.31658 10.56150 4378.9 14593.9 1.90958 0.24257 
0.94698 2.27600 0.90420 1.98134 2.31781 10.55407 4384.2 14611.5 1.90890 0.24257 
0.94702 2.28400 0.91050 1.98215 2.31902 10.54666 4389.4 14629.0 1.90820 0.24257 
0.94705 2.29200 0.91682 1.98295 2.32021 10.53928 4394.7 14646.5 1.90748 0.24258 
0.94709 2.30000 0.92315 1.98373 2.32138 10.53193 4399.9 14663.8 1.90675 0.24258 
0.94713 2.30800 0.92950 1.98449 2.32252 10.52461 4405.1 14681.1 1.90600 0.24258 
0.94716 2.31600 0.93587 1.98524 2.32364 10.51731 4410.2 14698.4 1.90523 0.24259 
0.94720 2.32400 0.94225 1.98598 2.32474 10.51004 4415.4 14715.5 1.90445 0.24259 
0.94723 2.33200 0.94864 1.98670 2.32582 10.50280 4420.5 14732.6 1.90365 0.24259 
0.94727 2.34000 0.95505 1.98741 2.32688 10.49558 4425.6 14749.5 1.90284 0.24260 
0.94730 2.34800 0.96147 1.98810 2.32792 10.48839 4430.6 14766.5 1.90201 0.24260 
0.94734 2.35600 0.96790 1.98878 2.32894 10.48122 4435.7 14783.3 1.90116 0.24260 
0.94737 2.36400 0.97435 1.98944 2.32994 10.47409 4440.7 14800.1 1.90031 0.24261 
0.94741 2.37200 0.98082 1.99010 2.33091 10.46697 4445.7 14816.8 1.89943 0.24261 
0.94744 2.38000 0.98730 1.99073 2.33187 10.45989 4450.7 14833.4 1.89855 0.24261 
0.94747 2.38800 0.99379 1.99136 2.33281 10.45283 4455.7 14850.0 1.89765 0.24262 
0.94751 2.39600 1.00030 1.99197 2.33373 10.44579 4460.7 14866.4 1.89673 0.24262 
0.94754 2.40400 1.00682 1.99257 2.33463 10.43878 4465.6 14882.9 1.89581 0.24262 
0.94758 2.41200 1.01335 1.99316 2.33552 10.43180 4470.5 14899.2 1.89487 0.24263 
0.94761 2.42000 1.01990 1.99373 2.33638 10.42484 4475.4 14915.5 1.89392 0.24263 
0.94764 2.42800 1.02647 1.99429 2.33723 10.41791 4480.3 14931.7 1.89295 0.24263 
0.94767 2.43600 1.03304 1.99484 2.33805 10.41101 4485.1 14947.8 1.89197 0.24264 
0.94771 2.44400 1.03963 1.99538 2.33886 10.40413 4489.9 14963.9 1.89099 0.24264 
0.94774 2.45200 1.04623 1.99590 2.33966 10.39727 4494.7 14979.9 1.88999 0.24264 
0.94777 2.46000 1.05285 1.99642 2.34043 10.39045 4499.5 14995.8 1.88898 0.24265 
0.94780 2.46800 1.05948 1.99692 2.34119 10.38364 4504.3 15011.7 1.88795 0.24265 
0.94784 2.47600 1.06613 1.99741 2.34193 10.37686 4509.0 15027.5 1.88692 0.24266 
0.94787 2.48400 1.07278 1.99789 2.34266 10.37011 4513.8 15043.2 1.88588 0.24266 
0.94790 2.49200 1.07945 1.99836 2.34336 10.36338 4518.5 15058.9 1.88482 0.24266 
0.94793 2.50000 1.08614 1.99882 2.34406 10.35667 4523.2 15074.5 1.88376 0.24267 
0.94796 2.50800 1.09283 1.99926 2.34473 10.34999 4527.8 15090.1 1.88268 0.24267 
0.94799 2.51600 1.09955 1.99970 2.34539 10.34334 4532.5 15105.5 1.88160 0.24267 
0.94803 2.52400 1.10627 2.00012 2.34604 10.33671 4537.1 15121.0 1.88050 0.24268 
0.94806 2.53200 1.11301 2.00054 2.34667 10.33010 4541.7 15136.3 1.87940 0.24268 
0.94809 2.54000 1.11976 2.00094 2.34728 10.32352 4546.3 15151.6 1.87829 0.24268 
0.94812 2.54800 1.12652 2.00134 2.34788 10.31696 4550.9 15166.8 1.87717 0.24269 
0.94815 2.55600 1.13329 2.00172 2.34846 10.31042 4555.5 15182.0 1.87604 0.24269 
0.94818 2.56400 1.14008 2.00210 2.34903 10.30391 4560.0 15197.1 1.87490 0.24269 
0.94821 2.57200 1.14688 2.00246 2.34959 10.29742 4564.5 15212.2 1.87375 0.24270 
0.94824 2.58000 1.15370 2.00282 2.35013 10.29096 4569.1 15227.1 1.87259 0.24270 
0.94827 2.58800 1.16052 2.00317 2.35065 10.28452 4573.5 15242.1 1.87143 0.24271 
0.94830 2.59600 1.16736 2.00350 2.35117 10.27810 4578.0 15256.9 1.87026 0.24271 
0.94833 2.60400 1.17422 2.00383 2.35167 10.27171 4582.5 15271.7 1.86908 0.24271 
0.94836 2.61200 1.18108 2.00415 2.35215 10.26534 4586.9 15286.5 1.86789 0.24272 
0.94839 2.62000 1.18796 2.00446 2.35262 10.25899 4591.3 15301.2 1.86670 0.24272 
0.94841 2.62800 1.19485 2.00476 2.35308 10.25267 4595.7 15315.8 1.86549 0.24272 
0.94844 2.63600 1.20175 2.00505 2.35352 10.24636 4600.1 15330.4 1.86428 0.24272 
0.94847 2.64400 1.20866 2.00534 2.35396 10.24009 4604.4 15344.9 1.86307 0.24273 
0.94850 2.65200 1.21559 2.00561 2.35437 10.23383 4608.8 15359.4 1.86185 0.24273 
0.94853 2.66000 1.22253 2.00588 2.35478 10.22760 4613.1 15373.8 1.86062 0.24273 
0.94856 2.66800 1.22948 2.00614 2.35517 10.22139 4617.4 15388.1 1.85938 0.24274 
0.94858 2.67600 1.23644 2.00639 2.35556 10.21520 4621.7 15402.4 1.85814 0.24274 
0.94861 2.68400 1.24342 2.00663 2.35593 10.20903 4626.0 15416.6 1.85689 0.24274 
0.94864 2.69200 1.25040 2.00686 2.35628 10.20289 4630.3 15430.8 1.85564 0.24274 
0.94867 2.70000 1.25740 2.00709 2.35663 10.19676 4634.5 15444.9 1.85438 0.24275 
0.94869 2.70800 1.26441 2.00731 2.35696 10.19066 4638.7 15459.0 1.85311 0.24275 
0.94872 2.71600 1.27144 2.00752 2.35728 10.18459 4642.9 15473.0 1.85184 0.24275 
0.94875 2.72400 1.27847 2.00772 2.35759 10.17853 4647.1 15487.0 1.85056 0.24275 
0.94878 2.73200 1.28552 2.00792 2.35789 10.17250 4651.3 15500.9 1.84928 0.24276 
0.94880 2.74000 1.29258 2.00810 2.35818 10.16648 4655.4 15514.7 1.84799 0.24276 
0.94883 2.74800 1.29965 2.00829 2.35846 10.16049 4659.6 15528.5 1.84670 0.24276 
0.94886 2.75600 1.30673 2.00846 2.35872 10.15452 4663.7 15542.3 1.84540 0.24276 
0.94888 2.76400 1.31382 2.00863 2.35898 10.14857 4667.8 15556.0 1.84410 0.24277 
0.94891 2.77200 1.32093 2.00879 2.35922 10.14264 4671.9 15569.6 1.84280 0.24277 
0.94893 2.78000 1.32804 2.00894 2.35946 10.13674 4676.0 15583.2 1.84148 0.24277 
0.94896 2.78800 1.33517 2.00909 2.35968 10.13085 4680.0 15596.8 1.84017 0.24277 
0.94899 2.79600 1.34231 2.00922 2.35989 10.12499 4684.1 15610.3 1.83885 0.24277 
0.94901 2.80400 1.34946 2.00936 2.36009 10.11915 4688.1 15623.7 1.83752 0.24277 
0.94904 2.81200 1.35662 2.00948 2.36029 10.11332 4692.1 15637.1 1.83620 0.24278 
0.94906 2.82000 1.36380 2.00960 2.36047 10.10752 4696.1 15650.4 1.83486 0.24278 
0.94909 2.82800 1.37098 2.00972 2.36064 10.10174 4700.1 15663.7 1.83353 0.24278 
0.94903 2.83600 1.37818 2.00988 2.36087 10.09628 4707.8 15676.3 1.83233 0.24298 
0.94906 2.84400 1.38538 2.00998 2.36102 10.09054 4711.8 15689.5 1.83099 0.24298 
0.94908 2.85200 1.39260 2.01008 2.36116 10.08482 4715.7 15702.6 1.82965 0.24298 
0.94911 2.86000 1.39983 2.01017 2.36130 10.07913 4719.7 15715.7 1.82830 0.24299 
0.94922 2.86800 1.40707 2.01019 2.36136 10.07313 4719.6 15729.5 1.82679 0.24278 
0.94924 2.87600 1.41432 2.01026 2.36148 10.06747 4723.5 15742.5 1.82543 0.24278 
0.94927 2.88400 1.42158 2.01034 2.36159 10.06183 4727.4 15755.4 1.82407 0.24278 
0.94929 2.89200 1.42885 2.01040 2.36168 10.05621 4731.2 15768.3 1.82271 0.24278 
0.94931 2.90000 1.43613 2.01046 2.36177 10.05061 4735.0 15781.2 1.82134 0.24278 
0.94934 2.90800 1.44343 2.01051 2.36185 10.04503 4738.9 15794.0 1.81997 0.24278 
0.94934 2.91600 1.45073 2.01058 2.36194 10.03955 4743.7 15806.6 1.81864 0.24284 
0.94936 2.92400 1.45805 2.01062 2.36201 10.03401 4747.5 15819.3 1.81727 0.24284 
0.94939 2.93200 1.46537 2.01066 2.36206 10.02849 4751.3 15831.9 1.81589 0.24284 
0.94941 2.94000 1.47271 2.01069 2.36211 10.02299 4755.1 15844.5 1.81451 0.24284 
0.94943 2.94800 1.48005 2.01072 2.36215 10.01751 4758.9 15857.1 1.81313 0.24284 
0.94946 2.95600 1.48741 2.01074 2.36218 10.01205 4762.6 15869.6 1.81175 0.24284 
0.94948 2.96400 1.49478 2.01076 2.36220 10.00661 4766.3 15882.1 1.81036 0.24284 
0.94950 2.97200 1.50215 2.01077 2.36222 10.00118 4770.1 15894.6 1.80898 0.24284 
0.94953 2.98000 1.50954 2.01077 2.36223 9.99578 4773.8 15906.9 1.80759 0.24284 
0.94955 2.98800 1.51694 2.01078 2.36223 9.99040 4777.5 15919.3 1.80620 0.24284 
0.94960 2.99600 1.52435 2.01076 2.36220 9.98494 4780.1 15931.8 1.80476 0.24278 
0.94962 3.00400 1.53177 2.01075 2.36219 9.97959 4783.7 15944.0 1.80337 0.24278 
0.94964 3.01200 1.53920 2.01074 2.36217 9.97426 4787.4 15956.3 1.80197 0.24279 
0.94966 3.02000 1.54664 2.01072 2.36214 9.96895 4791.0 15968.4 1.80057 0.24279 
0.94969 3.02800 1.55409 2.01070 2.36210 9.96366 4794.7 15980.6 1.79917 0.24279 
0.94944 3.03600 1.56154 2.01086 2.36225 9.95932 4810.7 15990.5 1.79822 0.24343 
0.94973 3.04400 1.56901 2.01064 2.36201 9.95313 4801.9 16004.7 1.79637 0.24279 
0.94975 3.05200 1.57649 2.01061 2.36195 9.94789 4805.5 16016.7 1.79496 0.24279 
0.94977 3.06000 1.58398 2.01057 2.36188 9.94267 4809.1 16028.6 1.79355 0.24279 
0.94980 3.06800 1.59148 2.01052 2.36181 9.93746 4812.6 16040.6 1.79215 0.24279 
0.94982 3.07600 1.59899 2.01047 2.36173 9.93228 4816.2 16052.4 1.79074 0.24279 
0.94984 3.08400 1.60651 2.01042 2.36165 9.92711 4819.7 16064.3 1.78933 0.24279 
0.94986 3.09200 1.61404 2.01036 2.36156 9.92196 4823.3 16076.1 1.78792 0.24279 
0.94988 3.10000 1.62158 2.01030 2.36146 9.91683 4826.8 16087.8 1.78651 0.24279 
0.94990 3.10800 1.62913 2.01024 2.36135 9.91172 4830.3 16099.5 1.78509 0.24279 
0.94992 3.11600 1.63668 2.01017 2.36124 9.90662 4833.8 16111.2 1.78368 0.24279 
0.94995 3.12400 1.64425 2.01010 2.36113 9.90154 4837.3 16122.8 1.78227 0.24279 
0.94997 3.13200 1.65183 2.01002 2.36100 9.89648 4840.7 16134.4 1.78085 0.24279 
0.94999 3.14000 1.65942 2.00994 2.36087 9.89144 4844.2 16145.9 1.77943 0.24279 
0.95001 3.14800 1.66701 2.00948 2.36018 9.88566 4847.4 16158.5 1.77750 0.24279 
0.95004 3.15600 1.67462 2.00938 2.36003 9.88061 4850.5 16170.1 1.77606 0.24277 
0.95007 3.16400 1.68223 2.00928 2.35987 9.87559 4853.5 16181.6 1.77463 0.24276 
0.95009 3.17200 1.68986 2.00918 2.35971 9.87058 4856.6 16193.0 1.77319 0.24274 
0.95012 3.18000 1.69749 2.00907 2.35954 9.86559 4859.7 16204.4 1.77175 0.24272 
0.95015 3.18800 1.70514 2.00896 2.35937 9.86062 4862.7 16215.8 1.77032 0.24270 
0.95018 3.19600 1.71279 2.00899 2.35941 9.85593 4865.7 16226.8 1.76913 0.24268 
0.95020 3.20400 1.72045 2.00888 2.35923 9.85100 4868.8 16238.1 1.76770 0.24267 
0.95023 3.21200 1.72812 2.00876 2.35904 9.84608 4871.8 16249.4 1.76627 0.24265 
0.95026 3.22000 1.73580 2.00864 2.35885 9.84118 4874.8 16260.6 1.76484 0.24263 
0.95028 3.22800 1.74349 2.00852 2.35866 9.83630 4877.8 16271.8 1.76341 0.24261 
0.95031 3.23600 1.75119 2.00839 2.35845 9.83143 4880.8 16282.9 1.76198 0.24260 
0.95034 3.24400 1.75890 2.00826 2.35825 9.82658 4883.8 16294.0 1.76055 0.24258 
0.95036 3.25200 1.76662 2.00812 2.35804 9.82175 4886.7 16305.1 1.75912 0.24256 
0.95039 3.26000 1.77434 2.00799 2.35782 9.81693 4889.7 16316.1 1.75769 0.24254 
0.95041 3.26800 1.78208 2.00785 2.35760 9.81213 4892.7 16327.1 1.75626 0.24253 
0.95044 3.27600 1.78982 2.00771 2.35737 9.80734 4895.6 16338.1 1.75483 0.24251 
0.95046 3.28400 1.79758 2.00756 2.35714 9.80258 4898.5 16349.0 1.75340 0.24249 
0.95049 3.29200 1.80534 2.00741 2.35691 9.79782 4901.5 16359.9 1.75197 0.24248 
0.95051 3.30000 1.81311 2.00726 2.35667 9.79309 4904.4 16370.7 1.75054 0.24246 
0.95054 3.30800 1.82089 2.00711 2.35643 9.78837 4907.3 16381.5 1.74912 0.24244 
0.95056 3.31600 1.82868 2.00695 2.35618 9.78366 4910.2 16392.3 1.74769 0.24242 
0.95059 3.32400 1.83647 2.00664 2.35569 9.77874 4913.1 16403.2 1.74597 0.24241 
0.95061 3.33200 1.84428 2.00647 2.35543 9.77406 4916.0 16414.0 1.74454 0.24239 
0.95064 3.34000 1.85209 2.00630 2.35516 9.76940 4918.8 16424.6 1.74310 0.24237 
0.95066 3.34800 1.85992 2.00620 2.35500 9.76487 4921.7 16435.1 1.74178 0.24235 
0.95068 3.35600 1.86775 2.00603 2.35472 9.76024 4924.5 16445.7 1.74035 0.24233 
0.95071 3.36400 1.87559 2.00585 2.35444 9.75562 4927.4 16456.3 1.73892 0.24232 
0.95073 3.37200 1.88344 2.00568 2.35415 9.75102 4930.2 16466.8 1.73749 0.24230 
0.95076 3.38000 1.89130 2.00549 2.35387 9.74643 4933.0 16477.3 1.73606 0.24228 
0.95078 3.38800 1.89916 2.00531 2.35357 9.74186 4935.8 16487.8 1.73463 0.24226 
0.95080 3.39600 1.90704 2.00512 2.35328 9.73730 4938.6 16498.2 1.73320 0.24225 
0.95082 3.40400 1.91492 2.00493 2.35297 9.73276 4941.4 16508.6 1.73177 0.24223 
0.95085 3.41200 1.92281 2.00474 2.35267 9.72824 4944.2 16519.0 1.73035 0.24221 
0.95087 3.42000 1.93071 2.00455 2.35236 9.72373 4946.9 16529.3 1.72892 0.24220 
0.95089 3.42800 1.93862 2.00435 2.35205 9.71923 4949.7 16539.6 1.72750 0.24218 
0.95091 3.43600 1.94653 2.00415 2.35173 9.71475 4952.5 16549.9 1.72608 0.24216 
0.95094 3.44400 1.95446 2.00395 2.35141 9.71028 4955.2 16560.1 1.72465 0.24215 
0.95096 3.45200 1.96239 2.00377 2.35113 9.70589 4957.9 16570.2 1.72333 0.24214 
0.95098 3.46000 1.97033 2.00357 2.35080 9.70145 4960.6 16580.4 1.72191 0.24212 
0.95100 3.46800 1.97828 2.00336 2.35047 9.69703 4963.3 16590.5 1.72049 0.24210 
0.95103 3.47600 1.98624 2.00315 2.35013 9.69262 4966.0 16600.6 1.71907 0.24208 
0.95105 3.48400 1.99421 2.00294 2.34980 9.68822 4968.8 16610.7 1.71766 0.24207 
0.95107 3.49200 2.00218 2.00272 2.34945 9.68384 4971.5 16620.7 1.71624 0.24205 
0.95109 3.50000 2.01016 2.00251 2.34911 9.67947 4974.2 16630.7 1.71483 0.24204 
0.95111 3.50800 2.01815 2.00229 2.34876 9.67512 4976.9 16640.7 1.71341 0.24202 
0.95113 3.51600 2.02615 2.00207 2.34841 9.67078 4979.5 16650.6 1.71200 0.24200 
0.95115 3.52400 2.03415 2.00184 2.34805 9.66646 4982.2 16660.5 1.71059 0.24199 
0.95117 3.53200 2.04216 2.00162 2.34769 9.66214 4984.8 16670.4 1.70918 0.24197 
0.95119 3.54000 2.05018 2.00139 2.34733 9.65784 4987.5 16680.3 1.70777 0.24195 
0.95121 3.54800 2.05821 2.00116 2.34696 9.65356 4990.1 16690.1 1.70636 0.24194 
0.95124 3.55600 2.06625 2.00093 2.34659 9.64929 4992.7 16699.9 1.70496 0.24192 
0.95126 3.56400 2.07429 2.00070 2.34622 9.64503 4995.4 16709.6 1.70355 0.24191 
0.95128 3.57200 2.08235 2.00046 2.34585 9.64078 4998.0 16719.4 1.70215 0.24189 
0.95130 3.58000 2.09041 2.00023 2.34547 9.63655 5000.6 16729.1 1.70075 0.24187 
0.95132 3.58800 2.09847 1.99999 2.34509 9.63234 5003.2 16738.7 1.69934 0.24186 
0.95134 3.59600 2.10655 1.99975 2.34470 9.62813 5005.8 16748.4 1.69794 0.24184 
0.95135 3.60400 2.11463 1.99950 2.34431 9.62394 5008.4 16758.0 1.69655 0.24183 
0.95137 3.61200 2.12272 1.99926 2.34392 9.61976 5010.9 16767.5 1.69515 0.24181 
0.95139 3.62000 2.13082 1.99878 2.34317 9.61522 5013.4 16777.6 1.69348 0.24181 
0.95141 3.62800 2.13893 1.99853 2.34277 9.61106 5016.0 16787.1 1.69207 0.24179 
0.95143 3.63600 2.14704 1.99827 2.34236 9.60692 5018.5 16796.6 1.69067 0.24178 
0.95145 3.64400 2.15516 1.99080 2.33114 9.58932 5023.4 16825.5 1.67847 0.24207 
0.95147 3.65200 2.16329 1.99052 2.33069 9.58516 5026.0 16835.0 1.67703 0.24206 
0.95149 3.66000 2.17143 1.99023 2.33024 9.58101 5028.5 16844.5 1.67559 0.24204 
0.95151 3.66800 2.17957 1.98995 2.32979 9.57687 5031.1 16854.0 1.67415 0.24202 
0.95153 3.67600 2.18772 1.98967 2.32933 9.57275 5033.6 16863.4 1.67272 0.24201 
0.95155 3.68400 2.19588 1.98938 2.32887 9.56864 5036.2 16872.8 1.67129 0.24199 
0.95156 3.69200 2.20405 1.99644 2.33942 9.57825 5036.2 16862.2 1.68089 0.24167 
0.95158 3.70000 2.21222 1.99617 2.33899 9.57420 5038.7 16871.5 1.67950 0.24165 
0.95160 3.70800 2.22040 1.99590 2.33856 9.57017 5041.2 16880.8 1.67811 0.24164 
0.95162 3.71600 2.22859 1.99563 2.33812 9.56615 5043.7 16890.0 1.67672 0.24162 
0.95164 3.72400 2.23678 1.99535 2.33768 9.56214 5046.2 16899.2 1.67534 0.24161 
0.95165 3.73200 2.24498 1.99508 2.33724 9.55815 5048.8 16908.3 1.67395 0.24160 
0.95167 3.74000 2.25319 1.99480 2.33680 9.55417 5051.2 16917.4 1.67257 0.24158 
0.95169 3.74800 2.26141 1.99453 2.33635 9.55019 5053.7 16926.5 1.67118 0.24157 
0.95170 3.75600 2.26963 1.99424 2.33590 9.54623 5056.1 16935.6 1.66980 0.24155 
0.95172 3.76400 2.27786 1.99396 2.33545 9.54228 5058.6 16944.6 1.66842 0.24154 
0.95174 3.77200 2.28610 1.99368 2.33499 9.53835 5061.0 16953.7 1.66704 0.24152 
0.95176 3.78000 2.29435 1.99339 2.33453 9.53442 5063.5 16962.6 1.66566 0.24151 
0.95177 3.78800 2.30260 1.99311 2.33407 9.53051 5065.9 16971.6 1.66428 0.24149 
0.95179 3.79600 2.31086 1.99282 2.33361 9.52661 5068.3 16980.6 1.66291 0.24148 
0.95181 3.80400 2.31912 1.99253 2.33314 9.52272 5070.7 16989.5 1.66153 0.24147 
0.95182 3.81200 2.32740 1.99224 2.33268 9.51884 5073.1 16998.4 1.66016 0.24145 
0.95184 3.82000 2.33568 1.99195 2.33221 9.51497 5075.5 17007.2 1.65879 0.24144 
0.95186 3.82800 2.34396 1.99165 2.33173 9.51111 5077.9 17016.1 1.65742 0.24142 
0.95187 3.83600 2.35226 1.99136 2.33126 9.50727 5080.3 17024.9 1.65605 0.24141 
0.95189 3.84400 2.36056 1.99106 2.33078 9.50344 5082.6 17033.6 1.65468 0.24139 
0.95191 3.85200 2.36887 1.99076 2.33030 9.49961 5085.0 17042.4 1.65331 0.24138 
0.95192 3.86000 2.37718 1.99046 2.32982 9.49580 5087.4 17051.1 1.65195 0.24136 
0.95194 3.86800 2.38550 1.99016 2.32933 9.49200 5089.7 17059.8 1.65058 0.24135 
0.95196 3.87600 2.39383 1.98986 2.32884 9.48821 5092.1 17068.5 1.64922 0.24133 
0.95197 3.88400 2.40216 1.99002 2.32908 9.48517 5094.6 17076.3 1.64850 0.24131 
0.95199 3.89200 2.41050 1.98973 2.32860 9.48142 5096.9 17084.9 1.64716 0.24129 
0.95200 3.90000 2.41885 1.98943 2.32812 9.47768 5099.3 17093.5 1.64581 0.24128 
0.95202 3.90800 2.42721 1.98913 2.32764 9.47395 5101.6 17102.0 1.64447 0.24126 
0.95203 3.91600 2.43557 1.98846 2.32659 9.46965 5103.8 17111.3 1.64267 0.24126 
0.95205 3.92400 2.44394 1.98816 2.32610 9.46594 5106.1 17119.8 1.64132 0.24125 
0.95207 3.93200 2.45231 1.98785 2.32560 9.46223 5108.4 17128.3 1.63998 0.24124 
0.95208 3.94000 2.46069 1.98754 2.32511 9.45854 5110.7 17136.8 1.63864 0.24122 
0.95210 3.94800 2.46908 1.98723 2.32461 9.45486 5112.9 17145.2 1.63730 0.24121 
0.95211 3.95600 2.47748 1.98692 2.32411 9.45119 5115.2 17153.7 1.63597 0.24119 
0.95213 3.96400 2.48588 1.98420 2.31993 9.44346 5117.4 17167.7 1.63150 0.24130 
0.95214 3.97200 2.49428 1.98387 2.31940 9.43978 5119.7 17176.1 1.63014 0.24128 
0.95216 3.98000 2.50270 1.98354 2.31886 9.43611 5122.0 17184.5 1.62877 0.24127 
0.95217 3.98800 2.51112 1.98320 2.31832 9.43245 5124.2 17192.9 1.62741 0.24126 
0.95218 3.99600 2.51955 1.98576 2.32220 9.43362 5126.8 17194.6 1.62980 0.24111