ratio e_15 p_15 M M_0 r_star spin Omega_K I J/M^2 
0.70984 0.50000 0.02299 0.60839 0.62708 15.75597 3671.9 4588.4 0.52232 0.58959 
0.70833 0.50800 0.02402 0.62638 0.64639 15.70640 3743.9 4679.3 0.54500 0.59173 
0.70680 0.51600 0.02507 0.64460 0.66598 15.65975 3815.0 4769.7 0.56846 0.59389 
0.70523 0.52400 0.02616 0.66278 0.68557 15.61953 3885.3 4856.4 0.59192 0.59571 
0.70383 0.53200 0.02727 0.68094 0.70518 15.58039 3953.8 4942.1 0.61553 0.59722 
0.70246 0.54000 0.02842 0.69922 0.72497 15.54316 4021.3 5027.1 0.63968 0.59867 
0.70107 0.54800 0.02959 0.71753 0.74484 15.50947 4088.0 5110.1 0.66411 0.60000 
0.69981 0.55600 0.03079 0.73578 0.76467 15.47756 4153.1 5191.3 0.68850 0.60100 
0.69856 0.56400 0.03201 0.75404 0.78456 15.44744 4217.3 5271.5 0.71324 0.60197 
0.69720 0.57200 0.03327 0.77250 0.80473 15.42000 4281.2 5350.9 0.73885 0.60314 
0.69591 0.58000 0.03455 0.79101 0.82501 15.39264 4344.0 5430.2 0.76491 0.60426 
0.69475 0.58800 0.03587 0.80939 0.84518 15.36579 4405.5 5508.1 0.79080 0.60511 
0.69360 0.59600 0.03721 0.82768 0.86530 15.34149 4466.2 5583.8 0.81665 0.60581 
0.69244 0.60400 0.03858 0.84597 0.88545 15.31924 4526.3 5657.8 0.84274 0.60648 
0.69132 0.61200 0.03999 0.86423 0.90564 15.29731 4585.4 5731.4 0.86910 0.60712 
0.69029 0.62000 0.04142 0.88246 0.92583 15.27526 4643.5 5804.5 0.89565 0.60769 
0.68930 0.62800 0.04288 0.90058 0.94595 15.25400 4700.7 5876.3 0.92215 0.60814 
0.68832 0.63600 0.04437 0.91860 0.96599 15.23421 4757.3 5946.5 0.94860 0.60853 
0.68734 0.64400 0.04589 0.93653 0.98598 15.21570 4813.2 6015.1 0.97505 0.60884 
0.68641 0.65200 0.04744 0.95438 1.00593 15.19719 4868.2 6083.2 1.00161 0.60914 
0.68556 0.66000 0.04902 0.97220 1.02590 15.17789 4922.2 6151.5 1.02846 0.60943 
0.68474 0.66800 0.05063 0.98999 1.04588 15.15845 4975.5 6219.7 1.05558 0.60975 
0.68390 0.67600 0.05227 1.00767 1.06580 15.14026 5028.2 6286.4 1.08268 0.61005 
0.68305 0.68400 0.05393 1.02522 1.08560 15.12323 5080.6 6351.4 1.10963 0.61031 
0.68225 0.69200 0.05563 1.04260 1.10525 15.10633 5132.2 6415.4 1.13635 0.61047 
0.68151 0.70000 0.05736 1.05984 1.12479 15.08945 5183.0 6478.6 1.16292 0.61057 
0.68082 0.70800 0.05912 1.07692 1.14419 15.07239 5233.1 6541.1 1.18933 0.61063 
0.68016 0.71600 0.06091 1.09389 1.16351 15.05527 5282.5 6603.1 1.21569 0.61067 
0.67952 0.72400 0.06273 1.11075 1.18275 15.03823 5331.4 6664.5 1.24207 0.61072 
0.67889 0.73200 0.06458 1.12750 1.20192 15.02167 5379.7 6725.1 1.26844 0.61078 
0.67827 0.74000 0.06645 1.14411 1.22096 15.00530 5427.5 6784.8 1.29468 0.61083 
0.67768 0.74800 0.06836 1.16055 1.23986 14.98907 5474.8 6843.7 1.32069 0.61083 
0.67712 0.75600 0.07030 1.17682 1.25859 14.97261 5521.5 6901.9 1.34643 0.61081 
0.67661 0.76400 0.07227 1.19292 1.27717 14.95617 5567.6 6959.4 1.37194 0.61075 
0.67612 0.77200 0.07427 1.20884 1.29558 14.93951 5613.1 7016.3 1.39717 0.61067 
0.67567 0.78000 0.07630 1.22459 1.31384 14.92277 5658.1 7072.5 1.42215 0.61055 
0.67525 0.78800 0.07836 1.24017 1.33195 14.90599 5702.5 7128.1 1.44691 0.61042 
0.67483 0.79600 0.08045 1.25558 1.34989 14.88900 5746.6 7183.4 1.47151 0.61034 
0.67440 0.80400 0.08257 1.27093 1.36781 14.87267 5790.2 7237.9 1.49619 0.61028 
0.67397 0.81200 0.08471 1.28615 1.38561 14.85649 5833.5 7291.9 1.52080 0.61025 
0.67355 0.82000 0.08689 1.30123 1.40329 14.84026 5876.4 7345.4 1.54529 0.61024 
0.67316 0.82800 0.08910 1.31613 1.42080 14.82387 5918.7 7398.4 1.56945 0.61019 
0.67281 0.83600 0.09134 1.33082 1.43811 14.80723 5960.5 7450.8 1.59323 0.61011 
0.67248 0.84400 0.09361 1.34533 1.45523 14.79039 6001.9 7502.6 1.61668 0.61002 
0.67218 0.85200 0.09591 1.35967 1.47219 14.77358 6042.9 7553.8 1.63983 0.60990 
0.67189 0.86000 0.09824 1.37382 1.48896 14.75666 6083.4 7604.5 1.66265 0.60978 
0.67162 0.86800 0.10060 1.38780 1.50557 14.73959 6123.6 7654.7 1.68520 0.60966 
0.67137 0.87600 0.10298 1.40159 1.52198 14.72246 6163.3 7704.4 1.70740 0.60952 
0.67114 0.88400 0.10540 1.41520 1.53821 14.70523 6202.6 7753.5 1.72928 0.60938 
0.67093 0.89200 0.10785 1.42864 1.55428 14.68789 6241.5 7802.3 1.75087 0.60923 
0.67072 0.90000 0.11033 1.44192 1.57018 14.67064 6280.1 7850.4 1.77218 0.60908 
0.67053 0.90800 0.11283 1.45503 1.58591 14.65333 6318.3 7898.1 1.79319 0.60893 
0.67034 0.91600 0.11537 1.46797 1.60148 14.63596 6356.2 7945.4 1.81397 0.60880 
0.67016 0.92400 0.11794 1.48077 1.61689 14.61861 6393.7 7992.3 1.83451 0.60868 
0.67000 0.93200 0.12053 1.49339 1.63214 14.60121 6430.9 8038.7 1.85475 0.60855 
0.66985 0.94000 0.12316 1.50585 1.64722 14.58370 6467.8 8084.8 1.87470 0.60843 
0.66971 0.94800 0.12581 1.51815 1.66213 14.56611 6504.3 8130.5 1.89434 0.60830 
0.66959 0.95600 0.12849 1.53027 1.67686 14.54842 6540.5 8175.8 1.91365 0.60817 
0.66948 0.96400 0.13121 1.54221 1.69140 14.53065 6576.3 8220.7 1.93261 0.60803 
0.66938 0.97200 0.13395 1.55399 1.70577 14.51282 6611.9 8265.1 1.95126 0.60790 
0.66930 0.98000 0.13672 1.56560 1.71996 14.49496 6647.1 8309.1 1.96958 0.60776 
0.66923 0.98800 0.13952 1.57704 1.73397 14.47695 6682.0 8352.8 1.98756 0.60761 
0.66917 0.99600 0.14235 1.58833 1.74783 14.45900 6716.5 8396.1 2.00526 0.60746 
0.66912 1.00400 0.14520 1.59944 1.76148 14.44095 6750.8 8439.0 2.02260 0.60731 
0.66908 1.01200 0.14809 1.61039 1.77496 14.42283 6784.7 8481.6 2.03962 0.60716 
0.66905 1.02000 0.15100 1.62117 1.78827 14.40464 6818.3 8523.8 2.05632 0.60701 
0.66903 1.02800 0.15395 1.63180 1.80142 14.38643 6851.7 8565.6 2.07273 0.60687 
0.66901 1.03600 0.15692 1.64228 1.81440 14.36824 6884.8 8607.1 2.08884 0.60672 
0.66901 1.04400 0.15992 1.65261 1.82721 14.35003 6917.7 8648.3 2.10465 0.60658 
0.66900 1.05200 0.16295 1.66278 1.83986 14.33179 6950.3 8689.0 2.12015 0.60644 
0.66901 1.06000 0.16601 1.67281 1.85235 14.31360 6982.7 8729.5 2.13538 0.60630 
0.66901 1.06800 0.16909 1.68270 1.86469 14.29552 7014.9 8769.5 2.15035 0.60618 
0.66901 1.07600 0.17220 1.69245 1.87688 14.27751 7046.8 8809.2 2.16506 0.60606 
0.66901 1.08400 0.17535 1.70206 1.88892 14.25955 7078.6 8848.5 2.17952 0.60596 
0.66902 1.09200 0.17852 1.71154 1.90081 14.24161 7110.1 8887.6 2.19376 0.60586 
0.66903 1.10000 0.18171 1.72089 1.91257 14.22371 7141.3 8926.4 2.20776 0.60577 
0.66904 1.10800 0.18494 1.73012 1.92418 14.20582 7172.3 8965.0 2.22155 0.60569 
0.66906 1.11600 0.18819 1.73920 1.93564 14.18787 7203.0 9003.3 2.23507 0.60561 
0.66909 1.12400 0.19147 1.74814 1.94694 14.16987 7233.5 9041.4 2.24832 0.60554 
0.66913 1.13200 0.19478 1.75695 1.95809 14.15183 7263.6 9079.3 2.26131 0.60546 
0.66918 1.14000 0.19812 1.76562 1.96909 14.13377 7293.6 9116.9 2.27402 0.60538 
0.66923 1.14800 0.20148 1.77415 1.97993 14.11573 7323.3 9154.1 2.28643 0.60530 
0.66928 1.15600 0.20487 1.78255 1.99062 14.09770 7352.8 9191.1 2.29857 0.60523 
0.66935 1.16400 0.20829 1.79081 2.00115 14.07967 7382.1 9227.7 2.31040 0.60514 
0.66941 1.17200 0.21173 1.79894 2.01153 14.06166 7411.2 9264.1 2.32197 0.60507 
0.66948 1.18000 0.21520 1.80694 2.02177 14.04369 7440.1 9300.2 2.33329 0.60499 
0.66955 1.18800 0.21870 1.81482 2.03187 14.02574 7468.8 9336.0 2.34435 0.60491 
0.66963 1.19600 0.22223 1.82258 2.04182 14.00785 7497.3 9371.4 2.35514 0.60484 
0.66971 1.20400 0.22578 1.83021 2.05162 13.98993 7525.6 9406.7 2.36569 0.60476 
0.66979 1.21200 0.22936 1.83772 2.06129 13.97202 7553.7 9441.8 2.37599 0.60469 
0.66988 1.22000 0.23296 1.84511 2.07082 13.95411 7581.5 9476.6 2.38604 0.60461 
0.66997 1.22800 0.23659 1.85239 2.08022 13.93623 7609.2 9511.1 2.39588 0.60454 
0.67007 1.23600 0.24025 1.85954 2.08948 13.91838 7636.7 9545.4 2.40545 0.60447 
0.67017 1.24400 0.24393 1.86658 2.09860 13.90055 7663.9 9579.5 2.41480 0.60440 
0.67027 1.25200 0.24764 1.87351 2.10759 13.88275 7691.0 9613.4 2.42391 0.60433 
0.67038 1.26000 0.25138 1.88033 2.11645 13.86497 7717.9 9647.0 2.43281 0.60426 
0.67049 1.26800 0.25514 1.88703 2.12518 13.84722 7744.5 9680.4 2.44148 0.60419 
0.67060 1.27600 0.25893 1.89363 2.13377 13.82953 7771.0 9713.5 2.44992 0.60413 
0.67071 1.28400 0.26274 1.90012 2.14224 13.81186 7797.3 9746.4 2.45816 0.60406 
0.67083 1.29200 0.26658 1.90650 2.15059 13.79424 7823.5 9779.1 2.46616 0.60399 
0.67095 1.30000 0.27045 1.91278 2.15881 13.77665 7849.4 9811.6 2.47396 0.60393 
0.67107 1.30800 0.27434 1.91896 2.16691 13.75912 7875.2 9843.8 2.48155 0.60387 
0.67120 1.31600 0.27825 1.92503 2.17488 13.74164 7900.8 9875.9 2.48894 0.60380 
0.67132 1.32400 0.28220 1.93101 2.18274 13.72420 7926.2 9907.7 2.49612 0.60374 
0.67145 1.33200 0.28616 1.93688 2.19048 13.70680 7951.5 9939.2 2.50310 0.60368 
0.67158 1.34000 0.29015 1.94267 2.19810 13.68945 7976.6 9970.6 2.50990 0.60362 
0.67172 1.34800 0.29417 1.94833 2.20559 13.67206 8001.6 10001.9 2.51647 0.60357 
0.67185 1.35600 0.29821 1.95393 2.21299 13.65480 8026.3 10032.9 2.52290 0.60352 
0.67199 1.36400 0.30227 1.95943 2.22028 13.63759 8051.0 10063.7 2.52915 0.60346 
0.67212 1.37200 0.30636 1.96485 2.22747 13.62044 8075.4 10094.3 2.53524 0.60341 
0.67226 1.38000 0.31048 1.97018 2.23454 13.60336 8099.7 10124.7 2.54114 0.60336 
0.67240 1.38800 0.31462 1.97542 2.24151 13.58633 8123.9 10154.9 2.54687 0.60331 
0.67253 1.39600 0.31878 1.98058 2.24838 13.56937 8147.9 10184.9 2.55245 0.60326 
0.67267 1.40400 0.32297 1.98566 2.25515 13.55249 8171.8 10214.7 2.55788 0.60322 
0.67281 1.41200 0.32718 1.99065 2.26182 13.53565 8195.5 10244.3 2.56314 0.60318 
0.67295 1.42000 0.33142 1.99556 2.26839 13.51888 8219.1 10273.8 2.56825 0.60314 
0.67309 1.42800 0.33568 2.00037 2.27482 13.50209 8242.5 10303.1 2.57316 0.60311 
0.67323 1.43600 0.33996 2.00512 2.28119 13.48546 8265.8 10332.2 2.57795 0.60307 
0.67338 1.44400 0.34427 2.00979 2.28746 13.46888 8288.9 10361.1 2.58260 0.60303 
0.67352 1.45200 0.34860 2.01438 2.29364 13.45237 8311.9 10389.8 2.58710 0.60300 
0.67366 1.46000 0.35296 2.01890 2.29972 13.43592 8334.8 10418.3 2.59145 0.60296 
0.67381 1.46800 0.35734 2.02332 2.30568 13.41944 8357.5 10446.8 2.59562 0.60294 
0.67395 1.47600 0.36174 2.02769 2.31157 13.40310 8380.0 10475.0 2.59970 0.60291 
0.67410 1.48400 0.36617 2.03199 2.31738 13.38682 8402.4 10503.0 2.60362 0.60287 
0.67425 1.49200 0.37061 2.03619 2.32306 13.37052 8424.7 10530.9 2.60736 0.60284 
0.67440 1.50000 0.37509 2.04034 2.32868 13.35436 8446.8 10558.6 2.61100 0.60281 
0.67455 1.50800 0.37958 2.04440 2.33419 13.33820 8468.8 10586.2 2.61447 0.60278 
0.67470 1.51600 0.38410 2.04841 2.33962 13.32214 8490.7 10613.5 2.61782 0.60275 
0.67485 1.52400 0.38864 2.05235 2.34498 13.30617 8512.4 10640.7 2.62105 0.60271 
0.67500 1.53200 0.39320 2.05631 2.35037 13.29051 8533.9 10667.5 2.62431 0.60266 
0.67515 1.54000 0.39779 2.06013 2.35557 13.27471 8555.4 10694.3 2.62730 0.60263 
0.67531 1.54800 0.40239 2.06385 2.36064 13.25885 8576.8 10721.0 2.63012 0.60260 
0.67546 1.55600 0.40702 2.06754 2.36569 13.24317 8598.0 10747.5 2.63289 0.60257 
0.67562 1.56400 0.41168 2.07114 2.37062 13.22745 8619.1 10774.0 2.63549 0.60255 
0.67577 1.57200 0.41635 2.07468 2.37546 13.21178 8640.1 10800.2 2.63798 0.60253 
0.67592 1.58000 0.42105 2.07818 2.38025 13.19624 8661.0 10826.3 2.64038 0.60250 
0.67608 1.58800 0.42577 2.08161 2.38497 13.18076 8681.7 10852.3 2.64269 0.60247 
0.67623 1.59600 0.43051 2.08497 2.38957 13.16525 8702.3 10878.1 2.64484 0.60245 
0.67639 1.60400 0.43527 2.08829 2.39414 13.14991 8722.8 10903.8 2.64694 0.60243 
0.67654 1.61200 0.44005 2.09155 2.39863 13.13461 8743.2 10929.3 2.64892 0.60241 
0.67669 1.62000 0.44486 2.09473 2.40301 13.11929 8763.5 10954.7 2.65076 0.60239 
0.67685 1.62800 0.44969 2.09788 2.40735 13.10412 8783.7 10979.9 2.65254 0.60237 
0.67700 1.63600 0.45454 2.10097 2.41163 13.08902 8803.8 11005.0 2.65421 0.60235 
0.67716 1.64400 0.45941 2.10401 2.41584 13.07400 8823.7 11029.9 2.65580 0.60233 
0.67731 1.65200 0.46430 2.10700 2.41997 13.05904 8843.6 11054.7 2.65728 0.60232 
0.67746 1.66000 0.46921 2.10990 2.42400 13.04406 8863.3 11079.4 2.65862 0.60230 
0.67762 1.66800 0.47414 2.11278 2.42799 13.02923 8883.0 11103.9 2.65991 0.60229 
0.67777 1.67600 0.47910 2.11561 2.43191 13.01447 8902.5 11128.2 2.66111 0.60227 
0.67792 1.68400 0.48408 2.11839 2.43577 12.99978 8921.9 11152.4 2.66222 0.60225 
0.67808 1.69200 0.48907 2.12111 2.43957 12.98515 8941.2 11176.5 2.66324 0.60223 
0.67823 1.70000 0.49409 2.12379 2.44330 12.97058 8960.3 11200.5 2.66419 0.60222 
0.67838 1.70800 0.49913 2.12640 2.44692 12.95598 8979.4 11224.4 2.66501 0.60221 
0.67853 1.71600 0.50419 2.12898 2.45053 12.94153 8998.4 11248.1 2.66578 0.60219 
0.67869 1.72400 0.50927 2.13151 2.45407 12.92714 9017.2 11271.7 2.66648 0.60217 
0.67884 1.73200 0.51436 2.13400 2.45755 12.91281 9035.9 11295.1 2.66710 0.60216 
0.67899 1.74000 0.51948 2.13645 2.46097 12.89854 9054.6 11318.4 2.66765 0.60214 
0.67914 1.74800 0.52462 2.13885 2.46434 12.88433 9073.1 11341.6 2.66813 0.60213 
0.67930 1.75600 0.52978 2.14122 2.46765 12.87018 9091.6 11364.7 2.66853 0.60211 
0.67945 1.76400 0.53496 2.14353 2.47091 12.85610 9109.9 11387.7 2.66886 0.60210 
0.67960 1.77200 0.54016 2.14578 2.47407 12.84199 9128.2 11410.6 2.66908 0.60209 
0.67975 1.78000 0.54538 2.14802 2.47721 12.82803 9146.3 11433.4 2.66928 0.60208 
0.67990 1.78800 0.55062 2.15021 2.48030 12.81413 9164.4 11456.0 2.66941 0.60207 
0.68006 1.79600 0.55588 2.15236 2.48334 12.80030 9182.4 11478.4 2.66946 0.60205 
0.68021 1.80400 0.56116 2.15448 2.48632 12.78654 9200.2 11500.8 2.66946 0.60204 
0.68035 1.81200 0.56645 2.15655 2.48925 12.77286 9218.0 11523.0 2.66940 0.60203 
0.68050 1.82000 0.57177 2.15859 2.49212 12.75923 9235.7 11545.1 2.66926 0.60202 
0.68065 1.82800 0.57711 2.16058 2.49495 12.74565 9253.3 11567.1 2.66907 0.60201 
0.68080 1.83600 0.58246 2.16254 2.49772 12.73215 9270.7 11589.0 2.66882 0.60199 
0.68095 1.84400 0.58783 2.16446 2.50044 12.71870 9288.1 11610.8 2.66851 0.60198 
0.68110 1.85200 0.59323 2.16635 2.50311 12.70532 9305.4 11632.4 2.66815 0.60197 
0.68125 1.86000 0.59864 2.16817 2.50570 12.69191 9322.6 11654.1 2.66769 0.60197 
0.68139 1.86800 0.60407 2.16999 2.50828 12.67865 9339.7 11675.5 2.66722 0.60196 
0.68154 1.87600 0.60952 2.17177 2.51081 12.66545 9356.8 11696.9 2.66669 0.60195 
0.68169 1.88400 0.61499 2.17352 2.51330 12.65230 9373.7 11718.1 2.66612 0.60194 
0.68183 1.89200 0.62048 2.17523 2.51574 12.63922 9390.6 11739.2 2.66549 0.60193 
0.68198 1.90000 0.62598 2.17692 2.51814 12.62620 9407.3 11760.2 2.66482 0.60192 
0.68212 1.90800 0.63151 2.17857 2.52050 12.61324 9424.1 11781.1 2.66409 0.60191 
0.68227 1.91600 0.63705 2.18019 2.52282 12.60034 9440.7 11801.9 2.66332 0.60190 
0.68241 1.92400 0.64261 2.18178 2.52510 12.58750 9457.3 11822.6 2.66250 0.60190 
0.68255 1.93200 0.64819 2.18334 2.52733 12.57472 9473.8 11843.2 2.66164 0.60189 
0.68270 1.94000 0.65379 2.18487 2.52953 12.56201 9490.2 11863.6 2.66074 0.60188 
0.68284 1.94800 0.65940 2.18638 2.53168 12.54935 9506.5 11884.0 2.65979 0.60188 
0.68298 1.95600 0.66504 2.18782 2.53375 12.53667 9522.8 11904.4 2.65876 0.60188 
0.68312 1.96400 0.67069 2.18926 2.53583 12.52413 9539.0 11924.5 2.65772 0.60187 
0.68326 1.97200 0.67636 2.19067 2.53786 12.51166 9555.1 11944.6 2.65664 0.60187 
0.68340 1.98000 0.68204 2.19205 2.53984 12.49924 9571.1 11964.6 2.65552 0.60186 
0.68354 1.98800 0.68775 2.19341 2.54179 12.48689 9587.0 11984.4 2.65435 0.60185 
0.68367 1.99600 0.69347 2.19473 2.54370 12.47459 9602.8 12004.1 2.65315 0.60185 
0.68381 2.00400 0.69921 2.19603 2.54556 12.46236 9618.6 12023.8 2.65191 0.60184 
0.68395 2.01200 0.70497 2.19730 2.54739 12.45018 9634.2 12043.3 2.65063 0.60183 
0.68409 2.02000 0.71074 2.19854 2.54918 12.43807 9649.8 12062.8 2.64931 0.60182 
0.68422 2.02800 0.71653 2.19976 2.55094 12.42601 9665.3 12082.1 2.64796 0.60182 
0.68435 2.03600 0.72234 2.20095 2.55266 12.41402 9680.8 12101.4 2.64658 0.60181 
0.68449 2.04400 0.72817 2.20212 2.55435 12.40208 9696.1 12120.5 2.64516 0.60181 
0.68462 2.05200 0.73401 2.20326 2.55600 12.39019 9711.4 12139.6 2.64371 0.60180 
0.68476 2.06000 0.73987 2.20438 2.55762 12.37836 9726.6 12158.6 2.64223 0.60179 
0.68489 2.06800 0.74574 2.20548 2.55921 12.36658 9741.8 12177.5 2.64072 0.60179 
0.68502 2.07600 0.75164 2.20655 2.56076 12.35486 9756.8 12196.3 2.63918 0.60178 
0.68516 2.08400 0.75755 2.20757 2.56224 12.34311 9771.9 12215.1 2.63757 0.60178 
0.68529 2.09200 0.76347 2.20860 2.56374 12.33149 9786.8 12233.7 2.63597 0.60178 
0.68542 2.10000 0.76941 2.20961 2.56520 12.31993 9801.7 12252.2 2.63435 0.60177 
0.68555 2.10800 0.77537 2.21059 2.56664 12.30842 9816.5 12270.7 2.63269 0.60177 
0.68568 2.11600 0.78135 2.21155 2.56804 12.29697 9831.3 12289.0 2.63102 0.60176 
0.68581 2.12400 0.78734 2.21250 2.56942 12.28556 9846.0 12307.3 2.62931 0.60176 
0.68594 2.13200 0.79335 2.21342 2.57076 12.27421 9860.6 12325.5 2.62758 0.60176 
0.68607 2.14000 0.79937 2.21432 2.57208 12.26291 9875.1 12343.6 2.62583 0.60175 
0.68619 2.14800 0.80541 2.21520 2.57336 12.25167 9889.6 12361.6 2.62405 0.60175 
0.68632 2.15600 0.81147 2.21606 2.57462 12.24047 9904.0 12379.5 2.62225 0.60174 
0.68645 2.16400 0.81754 2.21690 2.57585 12.22933 9918.3 12397.4 2.62043 0.60174 
0.68657 2.17200 0.82363 2.21772 2.57706 12.21824 9932.6 12415.2 2.61859 0.60173 
0.68670 2.18000 0.82973 2.21852 2.57823 12.20720 9946.8 12432.9 2.61672 0.60173 
0.68682 2.18800 0.83585 2.21930 2.57938 12.19622 9960.9 12450.5 2.61483 0.60173 
0.68695 2.19600 0.84199 2.22006 2.58049 12.18528 9974.9 12468.0 2.61292 0.60172 
0.68707 2.20400 0.84814 2.22080 2.58158 12.17440 9988.9 12485.5 2.61099 0.60172 
0.68720 2.21200 0.85431 2.22153 2.58264 12.16356 10002.8 12502.9 2.60904 0.60171 
0.68732 2.22000 0.86049 2.22223 2.58368 12.15278 10016.6 12520.1 2.60707 0.60170 
0.68745 2.22800 0.86669 2.22292 2.58469 12.14205 10030.4 12537.4 2.60508 0.60170 
0.68757 2.23600 0.87290 2.22356 2.58563 12.13129 10044.1 12554.6 2.60303 0.60170 
0.68769 2.24400 0.87913 2.22421 2.58659 12.12066 10057.8 12571.7 2.60100 0.60170 
0.68781 2.25200 0.88537 2.22485 2.58753 12.11008 10071.4 12588.6 2.59896 0.60169 
0.68793 2.26000 0.89163 2.22547 2.58845 12.09955 10084.9 12605.5 2.59690 0.60169 
0.68805 2.26800 0.89791 2.22607 2.58934 12.08907 10098.4 12622.4 2.59483 0.60168 
0.68817 2.27600 0.90420 2.22666 2.59021 12.07864 10111.8 12639.1 2.59274 0.60168 
0.68829 2.28400 0.91050 2.22724 2.59106 12.06826 10125.2 12655.8 2.59063 0.60167 
0.68841 2.29200 0.91682 2.22780 2.59189 12.05794 10138.5 12672.4 2.58851 0.60167 
0.68853 2.30000 0.92315 2.22834 2.59269 12.04765 10151.7 12688.9 2.58638 0.60167 
0.68864 2.30800 0.92950 2.22887 2.59347 12.03741 10164.9 12705.3 2.58422 0.60166 
0.68876 2.31600 0.93587 2.22938 2.59424 12.02722 10178.1 12721.7 2.58206 0.60166 
0.68888 2.32400 0.94225 2.22988 2.59498 12.01707 10191.2 12738.0 2.57988 0.60166 
0.68899 2.33200 0.94864 2.23037 2.59570 12.00696 10204.2 12754.2 2.57769 0.60165 
0.68911 2.34000 0.95505 2.23084 2.59640 11.99690 10217.2 12770.4 2.57548 0.60165 
0.68922 2.34800 0.96147 2.23129 2.59709 11.98689 10230.1 12786.5 2.57326 0.60164 
0.68934 2.35600 0.96790 2.23174 2.59775 11.97692 10243.0 12802.5 2.57103 0.60164 
0.68945 2.36400 0.97435 2.23216 2.59839 11.96699 10255.8 12818.5 2.56879 0.60163 
0.68956 2.37200 0.98082 2.23258 2.59901 11.95710 10268.5 12834.4 2.56654 0.60163 
0.68968 2.38000 0.98730 2.23298 2.59961 11.94726 10281.2 12850.2 2.56428 0.60162 
0.68979 2.38800 0.99379 2.23337 2.60019 11.93746 10293.8 12866.0 2.56200 0.60162 
0.68990 2.39600 1.00030 2.23374 2.60075 11.92770 10306.3 12881.7 2.55972 0.60161 
0.69001 2.40400 1.00682 2.23410 2.60129 11.91799 10318.8 12897.3 2.55742 0.60161 
0.69012 2.41200 1.01335 2.23445 2.60182 11.90832 10331.3 12912.9 2.55510 0.60160 
0.69023 2.42000 1.01990 2.23475 2.60227 11.89861 10343.7 12928.4 2.55274 0.60160 
0.69034 2.42800 1.02647 2.23508 2.60276 11.88903 10356.0 12943.9 2.55041 0.60160 
0.69045 2.43600 1.03304 2.23539 2.60322 11.87949 10368.3 12959.2 2.54806 0.60159 
0.69056 2.44400 1.03963 2.23568 2.60367 11.86998 10380.5 12974.5 2.54571 0.60158 
0.69067 2.45200 1.04623 2.23597 2.60410 11.86053 10392.7 12989.7 2.54335 0.60157 
0.69078 2.46000 1.05285 2.23624 2.60451 11.85113 10404.8 13004.8 2.54098 0.60157 
0.69088 2.46800 1.05948 2.23651 2.60491 11.84176 10416.8 13019.9 2.53860 0.60156 
0.69099 2.47600 1.06613 2.23676 2.60529 11.83244 10428.8 13034.9 2.53621 0.60155 
0.69110 2.48400 1.07278 2.23700 2.60565 11.82316 10440.8 13049.9 2.53382 0.60154 
0.69120 2.49200 1.07945 2.23722 2.60599 11.81392 10452.7 13064.7 2.53142 0.60153 
0.69131 2.50000 1.08614 2.23744 2.60632 11.80473 10464.6 13079.5 2.52901 0.60153 
0.69141 2.50800 1.09283 2.23765 2.60664 11.79558 10476.4 13094.3 2.52659 0.60152 
0.69152 2.51600 1.09955 2.23785 2.60693 11.78646 10488.1 13109.0 2.52416 0.60151 
0.69162 2.52400 1.10627 2.23803 2.60722 11.77739 10499.8 13123.6 2.52173 0.60150 
0.69172 2.53200 1.11301 2.23821 2.60748 11.76836 10511.5 13138.1 2.51930 0.60149 
0.69182 2.54000 1.11976 2.23838 2.60774 11.75937 10523.1 13152.6 2.51685 0.60148 
0.69193 2.54800 1.12652 2.23853 2.60798 11.75042 10534.7 13167.0 2.51440 0.60147 
0.69203 2.55600 1.13329 2.23868 2.60820 11.74150 10546.2 13181.4 2.51195 0.60147 
0.69213 2.56400 1.14008 2.23882 2.60841 11.73263 10557.7 13195.7 2.50948 0.60146 
0.69223 2.57200 1.14688 2.23895 2.60861 11.72380 10569.1 13210.0 2.50702 0.60145 
0.69233 2.58000 1.15370 2.23906 2.60879 11.71500 10580.5 13224.2 2.50455 0.60144 
0.69243 2.58800 1.16052 2.23917 2.60895 11.70624 10591.8 13238.3 2.50207 0.60143 
0.69253 2.59600 1.16736 2.23925 2.60907 11.69744 10603.1 13252.5 2.49955 0.60142 
0.69262 2.60400 1.17422 2.23934 2.60921 11.68875 10614.4 13266.5 2.49707 0.60141 
0.69272 2.61200 1.18108 2.23942 2.60934 11.68010 10625.6 13280.4 2.49458 0.60140 
0.69282 2.62000 1.18796 2.23949 2.60945 11.67148 10636.7 13294.4 2.49208 0.60139 
0.69292 2.62800 1.19485 2.23956 2.60956 11.66290 10647.8 13308.2 2.48958 0.60138 
0.69301 2.63600 1.20175 2.23961 2.60965 11.65436 10658.9 13322.0 2.48708 0.60137 
0.69311 2.64400 1.20866 2.23966 2.60972 11.64585 10669.9 13335.7 2.48458 0.60136 
0.69321 2.65200 1.21559 2.23970 2.60979 11.63738 10680.8 13349.4 2.48207 0.60135 
0.69330 2.66000 1.22253 2.23973 2.60984 11.62895 10691.7 13363.1 2.47956 0.60133 
0.69340 2.66800 1.22948 2.23976 2.60988 11.62055 10702.6 13376.6 2.47704 0.60132 
0.69349 2.67600 1.23644 2.23977 2.60991 11.61218 10713.4 13390.2 2.47452 0.60131 
0.69359 2.68400 1.24342 2.23978 2.60993 11.60385 10724.2 13403.6 2.47200 0.60130 
0.69368 2.69200 1.25040 2.23978 2.60993 11.59556 10734.9 13417.0 2.46948 0.60128 
0.69377 2.70000 1.25740 2.23977 2.60993 11.58730 10745.6 13430.4 2.46696 0.60127 
0.69386 2.70800 1.26441 2.23976 2.60991 11.57908 10756.2 13443.7 2.46443 0.60126 
0.69396 2.71600 1.27144 2.23974 2.60988 11.57089 10766.8 13456.9 2.46191 0.60125 
0.69405 2.72400 1.27847 2.23971 2.60984 11.56274 10777.4 13470.1 2.45938 0.60123 
0.69414 2.73200 1.28552 2.23967 2.60979 11.55462 10787.9 13483.3 2.45685 0.60122 
0.69423 2.74000 1.29258 2.23963 2.60973 11.54654 10798.4 13496.4 2.45432 0.60121 
0.69432 2.74800 1.29965 2.23958 2.60966 11.53848 10808.8 13509.4 2.45178 0.60119 
0.69441 2.75600 1.30673 2.23952 2.60958 11.53046 10819.2 13522.4 2.44925 0.60118 
0.69450 2.76400 1.31382 2.23946 2.60949 11.52248 10829.5 13535.3 2.44671 0.60116 
0.69459 2.77200 1.32093 2.23939 2.60939 11.51453 10839.8 13548.2 2.44418 0.60115 
0.69468 2.78000 1.32804 2.23931 2.60928 11.50662 10850.1 13561.1 2.44164 0.60113 
0.69477 2.78800 1.33517 2.23923 2.60916 11.49874 10860.3 13573.8 2.43911 0.60112 
0.69486 2.79600 1.34231 2.23914 2.60903 11.49089 10870.5 13586.6 2.43657 0.60111 
0.69494 2.80400 1.34946 2.23905 2.60889 11.48307 10880.6 13599.3 2.43403 0.60109 
0.69503 2.81200 1.35662 2.23894 2.60874 11.47529 10890.7 13611.9 2.43149 0.60108 
0.69512 2.82000 1.36380 2.23884 2.60858 11.46754 10900.7 13624.5 2.42896 0.60106 
0.69520 2.82800 1.37098 2.23872 2.60841 11.45982 10910.8 13637.0 2.42642 0.60104 
0.69529 2.83600 1.37818 2.23860 2.60824 11.45214 10920.8 13649.5 2.42388 0.60103 
0.69537 2.84400 1.38538 2.23848 2.60805 11.44449 10930.7 13661.9 2.42134 0.60101 
0.69546 2.85200 1.39260 2.23835 2.60786 11.43686 10940.6 13674.3 2.41881 0.60100 
0.69554 2.86000 1.39983 2.23821 2.60765 11.42927 10950.5 13686.6 2.41627 0.60098 
0.69563 2.86800 1.40707 2.23807 2.60744 11.42171 10960.3 13698.9 2.41373 0.60097 
0.69571 2.87600 1.41432 2.23792 2.60722 11.41418 10970.1 13711.2 2.41120 0.60095 
0.69580 2.88400 1.42158 2.23777 2.60700 11.40669 10979.8 13723.4 2.40866 0.60093 
0.69588 2.89200 1.42885 2.23761 2.60676 11.39922 10989.5 13735.5 2.40613 0.60092 
0.69596 2.90000 1.43613 2.23745 2.60652 11.39178 10999.2 13747.6 2.40360 0.60090 
0.69604 2.90800 1.44343 2.23726 2.60625 11.38431 11008.9 13759.8 2.40105 0.60089 
0.69613 2.91600 1.45073 2.23709 2.60599 11.37694 11018.5 13771.8 2.39852 0.60088 
0.69621 2.92400 1.45805 2.23692 2.60572 11.36959 11028.0 13783.8 2.39600 0.60086 
0.69629 2.93200 1.46537 2.23673 2.60545 11.36228 11037.5 13795.7 2.39347 0.60084 
0.69635 2.94000 1.47271 2.23657 2.60520 11.35516 11047.3 13807.3 2.39100 0.60084 
0.69643 2.94800 1.48005 2.23638 2.60491 11.34790 11056.8 13819.1 2.38848 0.60082 
0.69651 2.95600 1.48741 2.23618 2.60461 11.34067 11066.2 13830.9 2.38596 0.60081 
0.69659 2.96400 1.49478 2.23598 2.60431 11.33348 11075.5 13842.7 2.38344 0.60079 
0.69667 2.97200 1.50215 2.23577 2.60401 11.32631 11084.9 13854.4 2.38092 0.60077 
0.69675 2.98000 1.50954 2.23556 2.60369 11.31917 11094.2 13866.0 2.37841 0.60075 
0.69683 2.98800 1.51694 2.23535 2.60337 11.31206 11103.5 13877.6 2.37589 0.60073 
0.69690 2.99600 1.52435 2.23513 2.60304 11.30498 11112.7 13889.2 2.37338 0.60072 
0.69698 3.00400 1.53177 2.23491 2.60271 11.29793 11121.9 13900.7 2.37088 0.60070 
0.69696 3.01200 1.53920 2.23477 2.60247 11.29167 11132.4 13911.1 2.36862 0.60076 
0.69704 3.02000 1.54664 2.23454 2.60212 11.28467 11141.5 13922.5 2.36611 0.60074 
0.69711 3.02800 1.55409 2.23431 2.60176 11.27769 11150.6 13933.9 2.36361 0.60072 
0.69719 3.03600 1.56154 2.23407 2.60140 11.27075 11159.7 13945.2 2.36111 0.60070 
0.69727 3.04400 1.56901 2.23382 2.60104 11.26384 11168.7 13956.5 2.35861 0.60068 
0.69746 3.05200 1.57649 2.23347 2.60054 11.25604 11176.1 13969.1 2.35581 0.60056 
0.69754 3.06000 1.58398 2.23322 2.60016 11.24918 11185.1 13980.4 2.35331 0.60054 
0.69761 3.06800 1.59148 2.23296 2.59978 11.24235 11194.0 13991.5 2.35082 0.60052 
0.69768 3.07600 1.59899 2.23271 2.59940 11.23562 11203.0 14002.6 2.34836 0.60051 
0.69775 3.08400 1.60651 2.23245 2.59900 11.22884 11211.9 14013.7 2.34588 0.60049 
0.69783 3.09200 1.61404 2.23219 2.59860 11.22210 11220.7 14024.7 2.34340 0.60047 
0.69761 3.10000 1.62158 2.23218 2.59848 11.21753 11233.2 14032.6 2.34163 0.60069 
0.69769 3.10800 1.62913 2.23191 2.59807 11.21084 11242.0 14043.5 2.33915 0.60067 
0.69776 3.11600 1.63668 2.23163 2.59765 11.20416 11250.7 14054.5 2.33668 0.60065 
0.69806 3.12400 1.64425 2.23114 2.59700 11.19576 11256.4 14067.9 2.33363 0.60043 
0.69814 3.13200 1.65183 2.23086 2.59657 11.18915 11265.0 14078.8 2.33117 0.60041 
0.69821 3.14000 1.65942 2.23057 2.59614 11.18256 11273.7 14089.6 2.32871 0.60039 
0.69833 3.14800 1.66701 2.23023 2.59564 11.17560 11281.6 14101.0 2.32612 0.60033 
0.69840 3.15600 1.67462 2.22994 2.59520 11.16906 11290.2 14111.7 2.32367 0.60031 
0.69847 3.16400 1.68223 2.22965 2.59475 11.16255 11298.7 14122.4 2.32121 0.60029 
0.69854 3.17200 1.68986 2.22935 2.59430 11.15607 11307.2 14133.0 2.31877 0.60026 
0.69861 3.18000 1.69749 2.22905 2.59385 11.14961 11315.7 14143.6 2.31633 0.60024 
0.69868 3.18800 1.70514 2.22875 2.59339 11.14318 11324.2 14154.2 2.31388 0.60022 
0.69875 3.19600 1.71279 2.22844 2.59292 11.13677 11332.6 14164.7 2.31145 0.60020 
0.69882 3.20400 1.72045 2.22876 2.59336 11.13176 11340.1 14173.4 2.31000 0.60005 
0.69891 3.21200 1.72812 2.22844 2.59287 11.12529 11348.3 14184.0 2.30755 0.60002 
0.69898 3.22000 1.73580 2.22814 2.59241 11.11897 11356.6 14194.4 2.30513 0.60000 
0.69905 3.22800 1.74349 2.22782 2.59193 11.11265 11364.9 14204.8 2.30272 0.59997 
0.69911 3.23600 1.75119 2.22751 2.59145 11.10638 11373.1 14215.2 2.30031 0.59995 
0.69918 3.24400 1.75890 2.22719 2.59097 11.10012 11381.3 14225.5 2.29791 0.59993 
0.69925 3.25200 1.76662 2.22687 2.59048 11.09391 11389.6 14235.7 2.29552 0.59991 
0.69932 3.26000 1.77434 2.22655 2.58998 11.08766 11397.6 14246.0 2.29310 0.59988 
0.69939 3.26800 1.78208 2.22622 2.58949 11.08148 11405.8 14256.2 2.29071 0.59986 
0.69945 3.27600 1.78982 2.22590 2.58899 11.07536 11414.0 14266.3 2.28834 0.59984 
0.69951 3.28400 1.79758 2.22557 2.58849 11.06922 11422.0 14276.4 2.28595 0.59981 
0.69958 3.29200 1.80534 2.22524 2.58798 11.06311 11430.1 14286.5 2.28357 0.59979 
0.69964 3.30000 1.81311 2.22490 2.58746 11.05702 11438.1 14296.5 2.28120 0.59977 
0.69971 3.30800 1.82089 2.22456 2.58695 11.05096 11446.1 14306.5 2.27882 0.59974 
0.69977 3.31600 1.82868 2.22422 2.58643 11.04491 11454.1 14316.5 2.27645 0.59972 
0.69984 3.32400 1.83647 2.22388 2.58590 11.03890 11462.0 14326.4 2.27409 0.59970 
0.69990 3.33200 1.84428 2.22353 2.58537 11.03290 11469.9 14336.3 2.27173 0.59967 
0.69997 3.34000 1.85209 2.22319 2.58484 11.02693 11477.8 14346.2 2.26937 0.59965 
0.70003 3.34800 1.85992 2.22014 2.58049 11.01486 11490.1 14364.6 2.26251 0.60012 
0.70009 3.35600 1.86775 2.21980 2.57996 11.00894 11497.9 14374.4 2.26016 0.60009 
0.70016 3.36400 1.87559 2.21945 2.57943 11.00304 11505.7 14384.2 2.25782 0.60007 
0.70022 3.37200 1.88344 2.21910 2.57889 10.99716 11513.5 14393.9 2.25548 0.60004 
0.70028 3.38000 1.89130 2.21875 2.57835 10.99131 11521.3 14403.6 2.25315 0.60002 
0.70034 3.38800 1.89916 2.21840 2.57781 10.98548 11529.1 14413.3 2.25083 0.59999 
0.70041 3.39600 1.90704 2.21805 2.57728 10.97968 11536.7 14422.9 2.24852 0.59996 
0.70047 3.40400 1.91492 2.21769 2.57673 10.97389 11544.4 14432.5 2.24621 0.59994 
0.70053 3.41200 1.92281 2.21734 2.57618 10.96812 11552.1 14442.1 2.24389 0.59991 
0.70059 3.42000 1.93071 2.21689 2.57551 10.96225 11559.8 14451.7 2.24136 0.59987 
0.70065 3.42800 1.93862 2.21653 2.57496 10.95652 11567.4 14461.2 2.23905 0.59985 
0.70071 3.43600 1.94653 2.21770 2.57654 10.95455 11571.8 14465.2 2.23942 0.59954 
0.70078 3.44400 1.95446 2.21732 2.57595 10.94884 11579.4 14474.6 2.23709 0.59952 
0.70085 3.45200 1.96239 2.21691 2.57533 10.94301 11586.7 14484.3 2.23472 0.59948 
0.70090 3.46000 1.97033 2.21654 2.57475 10.93748 11594.4 14493.5 2.23244 0.59947 
0.70095 3.46800 1.97828 2.21615 2.57415 10.93182 11601.9 14502.8 2.23012 0.59944 
0.70101 3.47600 1.98624 2.21563 2.57336 10.92598 11609.4 14512.4 2.22765 0.59944 
0.70107 3.48400 1.99421 2.21523 2.57275 10.92037 11616.8 14521.7 2.22533 0.59942 
0.70113 3.49200 2.00218 2.21483 2.57213 10.91476 11624.2 14531.0 2.22301 0.59939 
0.70119 3.50000 2.01016 2.21442 2.57151 10.90918 11631.6 14540.3 2.22069 0.59937 
0.70125 3.50800 2.01815 2.21401 2.57088 10.90362 11639.0 14549.5 2.21838 0.59935 
0.70131 3.51600 2.02615 2.21360 2.57025 10.89808 11646.3 14558.7 2.21607 0.59932 
0.70136 3.52400 2.03415 2.21319 2.56962 10.89256 11653.6 14567.8 2.21377 0.59930 
0.70142 3.53200 2.04216 2.21278 2.56898 10.88705 11660.9 14577.0 2.21147 0.59927 
0.70148 3.54000 2.05018 2.21236 2.56835 10.88156 11668.2 14586.1 2.20917 0.59925 
0.70153 3.54800 2.05821 2.21143 2.56693 10.87517 11675.8 14596.3 2.20611 0.59932 
0.70159 3.55600 2.06625 2.21055 2.56578 10.86779 11685.7 14608.9 2.20278 0.59939 
0.70164 3.56400 2.07429 2.21017 2.56519 10.86242 11692.9 14617.9 2.20056 0.59936 
0.70170 3.57200 2.08235 2.20979 2.56460 10.85707 11700.0 14626.8 2.19834 0.59933 
0.70175 3.58000 2.09041 2.20941 2.56401 10.85174 11707.1 14635.7 2.19613 0.59930 
0.70181 3.58800 2.09847 2.20902 2.56342 10.84643 11714.2 14644.6 2.19393 0.59927 
0.70186 3.59600 2.10655 2.20865 2.56284 10.84117 11721.4 14653.4 2.19174 0.59924 
0.70191 3.60400 2.11463 2.20826 2.56224 10.83590 11728.4 14662.2 2.18955 0.59921 
0.70197 3.61200 2.12272 2.20788 2.56165 10.83066 11735.5 14670.9 2.18736 0.59918 
0.70192 3.62000 2.13082 2.20841 2.56221 10.82890 11741.0 14673.8 2.18694 0.59906 
0.70197 3.62800 2.13893 2.20798 2.56155 10.82365 11748.0 14682.5 2.18470 0.59904 
0.70038 3.63600 2.14704 2.20895 2.56239 10.83009 11777.5 14672.5 2.18606 0.60038 
0.70208 3.64400 2.15516 2.20711 2.56022 10.81317 11762.0 14699.9 2.18021 0.59899 
0.70213 3.65200 2.16329 2.20695 2.55996 10.80831 11768.8 14708.3 2.17835 0.59891 
0.70224 3.66000 2.17143 2.20648 2.55927 10.80275 11775.0 14717.6 2.17603 0.59884 
0.70207 3.66800 2.17957 2.20625 2.55882 10.79915 11784.9 14723.7 2.17432 0.59900 
0.70236 3.67600 2.18772 2.20563 2.55796 10.79235 11788.5 14734.9 2.17161 0.59877 
0.70073 3.68400 2.19588 2.20645 2.55854 10.79888 11818.4 14724.5 2.17282 0.60018 
0.70248 3.69200 2.20405 2.20495 2.55695 10.78192 11802.6 14752.7 2.16737 0.59869 
0.70253 3.70000 2.21222 2.20455 2.55634 10.77688 11809.4 14761.2 2.16525 0.59866 
0.70265 3.70800 2.22040 2.20367 2.55497 10.77114 11814.5 14770.1 2.16246 0.59863 
0.70271 3.71600 2.22859 2.20323 2.55429 10.76606 11821.3 14778.6 2.16026 0.59860 
0.70276 3.72400 2.23678 2.20279 2.55360 10.76098 11827.9 14787.0 2.15806 0.59857 
0.70281 3.73200 2.24498 2.20235 2.55292 10.75598 11834.7 14795.4 2.15588 0.59855 
0.70279 3.74000 2.25319 2.20259 2.55330 10.75192 11842.7 14803.1 2.15474 0.59850 
0.70118 3.74800 2.26141 2.20364 2.55426 10.75866 11872.4 14792.5 2.15622 0.59984 
0.70124 3.75600 2.26963 2.20324 2.55365 10.75370 11878.9 14800.8 2.15413 0.59980 
0.70294 3.76400 2.27786 2.20128 2.55124 10.73729 11862.2 14827.3 2.14827 0.59840 
0.70135 3.77200 2.28610 2.20232 2.55219 10.74400 11891.5 14816.7 2.14974 0.59972 
0.70305 3.78000 2.29435 2.20047 2.54998 10.72749 11875.1 14843.8 2.14411 0.59833 
0.70310 3.78800 2.30260 2.20006 2.54936 10.72264 11881.7 14851.9 2.14202 0.59830 
0.70315 3.79600 2.31086 2.19966 2.54873 10.71780 11888.2 14860.1 2.13995 0.59827 
0.70321 3.80400 2.31912 2.19904 2.54777 10.71271 11894.5 14868.4 2.13757 0.59826 
0.70326 3.81200 2.32740 2.19863 2.54713 10.70790 11901.0 14876.4 2.13550 0.59823 
0.70331 3.82000 2.33568 2.19805 2.54624 10.70289 11907.5 14884.7 2.13318 0.59822 
0.70335 3.82800 2.34396 2.19763 2.54559 10.69811 11913.9 14892.7 2.13111 0.59819 
0.70340 3.83600 2.35226 2.19721 2.54493 10.69334 11920.3 14900.7 2.12904 0.59816 
0.70344 3.84400 2.36056 2.18608 2.52850 10.66850 11938.9 14935.4 2.11072 0.60000 
0.70348 3.85200 2.36887 2.18560 2.52776 10.66369 11945.4 14943.4 2.10855 0.59997 
0.70353 3.86000 2.37718 2.19584 2.54281 10.67908 11939.7 14924.6 2.12270 0.59809 
0.70262 3.86800 2.38550 2.19625 2.54306 10.68105 11959.3 14921.5 2.12270 0.59885 
0.70363 3.87600 2.39383 2.19489 2.54134 10.66954 11952.3 14940.5 2.11844 0.59804 
0.70367 3.88400 2.40216 2.19446 2.54068 10.66487 11958.6 14948.4 2.11639 0.59801 
0.70373 3.89200 2.41050 2.19395 2.53988 10.66003 11964.7 14956.4 2.11421 0.59798 
0.70378 3.90000 2.41885 2.19352 2.53922 10.65540 11971.0 14964.2 2.11217 0.59795 
0.70384 3.90800 2.42721 2.19281 2.53812 10.65029 11977.1 14972.6 2.10970 0.59794 
0.70388 3.91600 2.43557 2.19235 2.53742 10.64566 11983.4 14980.3 2.10764 0.59792 
0.70395 3.92400 2.44394 2.19184 2.53664 10.64083 11989.2 14988.4 2.10550 0.59788 
0.70402 3.93200 2.45231 2.19122 2.53568 10.63585 11995.1 14996.6 2.10318 0.59786 
0.70407 3.94000 2.46069 2.19074 2.53493 10.63120 12001.3 15004.4 2.10107 0.59783 
0.70412 3.94800 2.46908 2.19034 2.53432 10.62663 12007.2 15012.1 2.09909 0.59778 
0.70254 3.95600 2.47748 2.19134 2.53521 10.63345 12036.1 15000.9 2.10056 0.59909 
0.70410 3.96400 2.48588 2.18965 2.53321 10.61847 12021.0 15026.0 2.09541 0.59779 
0.70429 3.97200 2.49428 2.18887 2.53206 10.61265 12025.1 15035.6 2.09280 0.59767 
0.70436 3.98000 2.50270 2.18838 2.53130 10.60798 12030.9 15043.4 2.09070 0.59763 
0.70423 3.98800 2.51112 2.18803 2.53069 10.60458 12039.3 15049.1 2.08898 0.59774 
0.70428 3.99600 2.51955 2.18754 2.52993 10.60004 12045.4 15056.7 2.08690 0.59772 