ratio e_15 p_15 M M_0 r_star spin Omega_K I J/M^2 
0.98990 0.50000 0.02299 0.53899 0.55457 12.60504 749.2 5970.3 0.37929 0.11130 
0.98967 0.50800 0.02402 0.55394 0.57065 12.56298 768.4 6082.7 0.39370 0.11219 
0.98964 0.51600 0.02507 0.56854 0.58635 12.52684 791.2 6187.9 0.40745 0.11349 
0.98977 0.52400 0.02616 0.58279 0.60167 12.49376 799.4 6289.3 0.42089 0.11272 
0.98982 0.53200 0.02727 0.59715 0.61716 12.46229 803.3 6390.6 0.43478 0.11145 
0.98973 0.54000 0.02842 0.61181 0.63303 12.43261 815.0 6491.5 0.44921 0.11128 
0.98962 0.54800 0.02959 0.62650 0.64897 12.40543 832.3 6590.0 0.46370 0.11188 
0.98961 0.55600 0.03079 0.64099 0.66469 12.38081 847.6 6684.9 0.47791 0.11218 
0.98966 0.56400 0.03201 0.65531 0.68025 12.35794 857.7 6777.3 0.49199 0.11181 
0.98970 0.57200 0.03327 0.66966 0.69589 12.33588 862.1 6869.5 0.50638 0.11077 
0.98962 0.58000 0.03455 0.68435 0.71198 12.31350 863.0 6964.0 0.52165 0.10938 
0.98946 0.58800 0.03587 0.69936 0.72849 12.29201 874.4 7058.3 0.53744 0.10932 
0.98932 0.59600 0.03721 0.71429 0.74494 12.27288 897.4 7148.8 0.55296 0.11067 
0.98932 0.60400 0.03858 0.72890 0.76103 12.25556 916.1 7235.6 0.56800 0.11144 
0.98940 0.61200 0.03999 0.74322 0.77682 12.23893 925.6 7320.5 0.58275 0.11111 
0.98949 0.62000 0.04142 0.75745 0.79253 12.22296 930.8 7404.2 0.59751 0.11030 
0.98955 0.62800 0.04288 0.77165 0.80826 12.20785 936.5 7486.7 0.61239 0.10959 
0.98954 0.63600 0.04437 0.78592 0.82411 12.19323 941.0 7569.2 0.62763 0.10879 
0.98948 0.64400 0.04589 0.80026 0.84010 12.17907 947.6 7651.2 0.64313 0.10828 
0.98940 0.65200 0.04744 0.81463 0.85616 12.16562 958.7 7731.8 0.65872 0.10828 
0.98935 0.66000 0.04902 0.82888 0.87211 12.15311 973.5 7810.2 0.67412 0.10869 
0.98933 0.66800 0.05063 0.84297 0.88790 12.14127 987.0 7887.0 0.68934 0.10895 
0.98933 0.67600 0.05227 0.85690 0.90354 12.12979 996.9 7962.5 0.70445 0.10883 
0.98935 0.68400 0.05393 0.87072 0.91909 12.11854 1004.4 8037.0 0.71952 0.10846 
0.98937 0.69200 0.05563 0.88444 0.93454 12.10767 1012.2 8110.3 0.73450 0.10815 
0.98940 0.70000 0.05736 0.89807 0.94994 12.09715 1019.6 8182.6 0.74945 0.10781 
0.98940 0.70800 0.05912 0.91165 0.96531 12.08689 1025.4 8254.4 0.76451 0.10732 
0.98937 0.71600 0.06091 0.92525 0.98079 12.07642 1025.6 8327.0 0.77996 0.10632 
0.98930 0.72400 0.06273 0.93892 0.99641 12.06591 1026.2 8399.7 0.79575 0.10540 
0.98921 0.73200 0.06458 0.95264 1.01214 12.05546 1030.2 8471.8 0.81170 0.10484 
0.98912 0.74000 0.06645 0.96630 1.02784 12.04556 1043.3 8541.8 0.82746 0.10520 
0.98906 0.74800 0.06836 0.97980 1.04336 12.03617 1060.6 8609.9 0.84286 0.10595 
0.98904 0.75600 0.07030 0.99311 1.05868 12.02715 1077.6 8676.5 0.85799 0.10667 
0.98903 0.76400 0.07227 1.00622 1.07378 12.01834 1092.0 8742.0 0.87288 0.10712 
0.98904 0.77200 0.07427 1.01913 1.08869 12.00944 1101.1 8806.9 0.88763 0.10708 
0.98905 0.78000 0.07630 1.03191 1.10347 12.00052 1108.2 8871.1 0.90227 0.10685 
0.98909 0.78800 0.07836 1.04455 1.11813 11.99158 1114.0 8934.5 0.91678 0.10650 
0.98913 0.79600 0.08045 1.05707 1.13267 11.98265 1119.2 8997.2 0.93116 0.10612 
0.98918 0.80400 0.08257 1.06947 1.14711 11.97386 1125.2 9059.0 0.94542 0.10582 
0.98922 0.81200 0.08471 1.08175 1.16143 11.96517 1131.2 9120.0 0.95955 0.10555 
0.98924 0.82000 0.08689 1.09392 1.17565 11.95661 1137.3 9180.3 0.97361 0.10529 
0.98926 0.82800 0.08910 1.10598 1.18977 11.94816 1143.4 9239.9 0.98760 0.10505 
0.98926 0.83600 0.09134 1.11795 1.20383 11.93969 1147.8 9299.4 1.00162 0.10466 
0.98924 0.84400 0.09361 1.12984 1.21784 11.93120 1151.5 9358.4 1.01565 0.10425 
0.98922 0.85200 0.09591 1.14165 1.23179 11.92268 1155.1 9417.0 1.02966 0.10383 
0.98920 0.86000 0.09824 1.15336 1.24567 11.91412 1159.2 9475.1 1.04361 0.10348 
0.98917 0.86800 0.10060 1.16498 1.25946 11.90558 1165.0 9532.3 1.05743 0.10328 
0.98915 0.87600 0.10298 1.17648 1.27314 11.89710 1172.9 9588.6 1.07105 0.10327 
0.98914 0.88400 0.10540 1.18786 1.28669 11.88869 1182.0 9644.1 1.08450 0.10337 
0.98913 0.89200 0.10785 1.19911 1.30011 11.88033 1191.5 9698.8 1.09778 0.10351 
0.98912 0.90000 0.11033 1.21021 1.31339 11.87201 1201.0 9752.9 1.11089 0.10365 
0.98911 0.90800 0.11283 1.22118 1.32652 11.86369 1209.7 9806.4 1.12385 0.10374 
0.98911 0.91600 0.11537 1.23202 1.33953 11.85534 1217.5 9859.4 1.13667 0.10374 
0.98910 0.92400 0.11794 1.24272 1.35239 11.84694 1224.3 9911.9 1.14935 0.10368 
0.98910 0.93200 0.12053 1.25330 1.36514 11.83850 1230.7 9963.9 1.16189 0.10358 
0.98910 0.94000 0.12316 1.26376 1.37776 11.83001 1236.7 10015.4 1.17430 0.10347 
0.98909 0.94800 0.12581 1.27410 1.39027 11.82148 1242.5 10066.5 1.18657 0.10334 
0.98909 0.95600 0.12849 1.28432 1.40266 11.81291 1248.1 10117.1 1.19871 0.10321 
0.98910 0.96400 0.13121 1.29442 1.41493 11.80430 1253.6 10167.2 1.21071 0.10307 
0.98910 0.97200 0.13395 1.30441 1.42709 11.79565 1258.9 10216.9 1.22258 0.10293 
0.98911 0.98000 0.13672 1.31428 1.43914 11.78696 1264.1 10266.1 1.23431 0.10278 
0.98912 0.98800 0.13952 1.32404 1.45107 11.77823 1269.4 10314.9 1.24590 0.10265 
0.98912 0.99600 0.14235 1.33369 1.46288 11.76948 1274.7 10363.2 1.25735 0.10253 
0.98913 1.00400 0.14520 1.34321 1.47456 11.76071 1280.6 10410.9 1.26863 0.10245 
0.98913 1.01200 0.14809 1.35262 1.48613 11.75192 1286.5 10458.2 1.27977 0.10239 
0.98914 1.02000 0.15100 1.36192 1.49758 11.74311 1292.4 10505.1 1.29076 0.10234 
0.98914 1.02800 0.15395 1.37110 1.50891 11.73429 1298.3 10551.5 1.30163 0.10228 
0.98914 1.03600 0.15692 1.38017 1.52013 11.72545 1303.8 10597.7 1.31237 0.10221 
0.98914 1.04400 0.15992 1.38914 1.53125 11.71658 1308.7 10643.6 1.32302 0.10210 
0.98914 1.05200 0.16295 1.39802 1.54230 11.70767 1312.0 10689.5 1.33365 0.10186 
0.98913 1.06000 0.16601 1.40681 1.55326 11.69873 1314.6 10735.2 1.34423 0.10159 
0.98911 1.06800 0.16909 1.41551 1.56415 11.68975 1316.8 10780.7 1.35475 0.10130 
0.98909 1.07600 0.17220 1.42412 1.57495 11.68071 1318.7 10825.9 1.36519 0.10100 
0.98907 1.08400 0.17535 1.43262 1.58564 11.67158 1320.7 10870.8 1.37540 0.10071 
0.98904 1.09200 0.17852 1.44104 1.59626 11.66243 1322.6 10915.4 1.38564 0.10042 
0.98902 1.10000 0.18171 1.44936 1.60678 11.65324 1325.5 10959.4 1.39573 0.10021 
0.98900 1.10800 0.18494 1.45758 1.61717 11.64400 1329.8 11002.8 1.40560 0.10011 
0.98899 1.11600 0.18819 1.46568 1.62743 11.63473 1334.8 11045.7 1.41528 0.10006 
0.98898 1.12400 0.19147 1.47368 1.63758 11.62543 1340.6 11088.1 1.42478 0.10007 
0.98897 1.13200 0.19478 1.48157 1.64761 11.61612 1347.0 11130.1 1.43409 0.10013 
0.98896 1.14000 0.19812 1.48935 1.65751 11.60681 1354.1 11171.6 1.44322 0.10025 
0.98896 1.14800 0.20148 1.49703 1.66730 11.59751 1361.7 11212.6 1.45218 0.10040 
0.98896 1.15600 0.20487 1.50460 1.67696 11.58822 1369.9 11253.3 1.46098 0.10060 
0.98896 1.16400 0.20829 1.51207 1.68652 11.57896 1378.3 11293.6 1.46964 0.10081 
0.98897 1.17200 0.21173 1.51944 1.69595 11.56969 1386.5 11333.6 1.47816 0.10101 
0.98897 1.18000 0.21520 1.52670 1.70526 11.56043 1394.5 11373.2 1.48652 0.10120 
0.98897 1.18800 0.21870 1.53386 1.71445 11.55116 1402.3 11412.5 1.49475 0.10138 
0.98898 1.19600 0.22223 1.54091 1.72352 11.54188 1409.8 11451.5 1.50282 0.10153 
0.98898 1.20400 0.22578 1.54786 1.73247 11.53259 1416.8 11490.2 1.51076 0.10166 
0.98899 1.21200 0.22936 1.55470 1.74130 11.52327 1423.4 11528.6 1.51855 0.10176 
0.98899 1.22000 0.23296 1.56144 1.75001 11.51394 1429.5 11566.8 1.52620 0.10182 
0.98900 1.22800 0.23659 1.56808 1.75860 11.50457 1435.0 11604.7 1.53370 0.10185 
0.98901 1.23600 0.24025 1.57463 1.76708 11.49518 1440.2 11642.3 1.54107 0.10186 
0.98902 1.24400 0.24393 1.58108 1.77545 11.48578 1445.2 11679.7 1.54831 0.10185 
0.98902 1.25200 0.24764 1.58744 1.78372 11.47637 1450.1 11716.7 1.55542 0.10184 
0.98903 1.26000 0.25138 1.59370 1.79188 11.46695 1454.8 11753.5 1.56239 0.10183 
0.98904 1.26800 0.25514 1.59988 1.79994 11.45752 1459.4 11790.1 1.56924 0.10181 
0.98905 1.27600 0.25893 1.60598 1.80790 11.44808 1464.0 11826.3 1.57597 0.10179 
0.98906 1.28400 0.26274 1.61198 1.81575 11.43863 1468.6 11862.3 1.58257 0.10177 
0.98907 1.29200 0.26658 1.61790 1.82351 11.42919 1473.0 11898.1 1.58904 0.10175 
0.98908 1.30000 0.27045 1.62374 1.83117 11.41974 1477.6 11933.5 1.59540 0.10173 
0.98909 1.30800 0.27434 1.62950 1.83873 11.41029 1482.0 11968.8 1.60164 0.10172 
0.98910 1.31600 0.27825 1.63517 1.84620 11.40084 1486.4 12003.7 1.60776 0.10170 
0.98911 1.32400 0.28220 1.64076 1.85357 11.39139 1490.8 12038.4 1.61376 0.10168 
0.98912 1.33200 0.28616 1.64627 1.86084 11.38194 1495.0 12072.9 1.61965 0.10166 
0.98914 1.34000 0.29015 1.65170 1.86802 11.37249 1499.2 12107.1 1.62542 0.10163 
0.98915 1.34800 0.29417 1.65706 1.87510 11.36304 1503.2 12141.1 1.63107 0.10161 
0.98916 1.35600 0.29821 1.66233 1.88209 11.35359 1507.2 12174.9 1.63662 0.10157 
0.98917 1.36400 0.30227 1.66754 1.88900 11.34415 1511.2 12208.4 1.64206 0.10154 
0.98919 1.37200 0.30636 1.67266 1.89581 11.33470 1515.0 12241.8 1.64739 0.10150 
0.98920 1.38000 0.31048 1.67771 1.90253 11.32526 1518.8 12274.8 1.65261 0.10147 
0.98922 1.38800 0.31462 1.68269 1.90917 11.31583 1522.5 12307.7 1.65772 0.10143 
0.98923 1.39600 0.31878 1.68760 1.91571 11.30640 1526.2 12340.4 1.66273 0.10138 
0.98925 1.40400 0.32297 1.69243 1.92218 11.29697 1529.7 12372.8 1.66764 0.10134 
0.98926 1.41200 0.32718 1.69720 1.92855 11.28755 1533.2 12405.0 1.67245 0.10129 
0.98928 1.42000 0.33142 1.70189 1.93485 11.27815 1536.8 12437.0 1.67716 0.10125 
0.98929 1.42800 0.33568 1.70652 1.94106 11.26875 1540.2 12468.8 1.68177 0.10121 
0.98930 1.43600 0.33996 1.71108 1.94719 11.25936 1543.7 12500.4 1.68628 0.10117 
0.98932 1.44400 0.34427 1.71558 1.95323 11.24999 1547.2 12531.8 1.69070 0.10113 
0.98933 1.45200 0.34860 1.72001 1.95920 11.24062 1550.7 12563.0 1.69503 0.10109 
0.98934 1.46000 0.35296 1.72437 1.96509 11.23128 1554.1 12594.0 1.69926 0.10106 
0.98936 1.46800 0.35734 1.72868 1.97090 11.22194 1557.6 12624.7 1.70341 0.10103 
0.98937 1.47600 0.36174 1.73292 1.97664 11.21262 1561.1 12655.3 1.70746 0.10100 
0.98938 1.48400 0.36617 1.73710 1.98230 11.20331 1564.7 12685.7 1.71143 0.10098 
0.98939 1.49200 0.37061 1.74121 1.98788 11.19403 1568.3 12715.8 1.71531 0.10096 
0.98940 1.50000 0.37509 1.74527 1.99339 11.18475 1571.9 12745.8 1.71910 0.10095 
0.98941 1.50800 0.37958 1.74927 1.99882 11.17550 1575.6 12775.5 1.72280 0.10094 
0.98941 1.51600 0.38410 1.75321 2.00418 11.16626 1579.3 12805.1 1.72642 0.10093 
0.98942 1.52400 0.38864 1.75709 2.00947 11.15703 1582.9 12834.5 1.72996 0.10092 
0.98943 1.53200 0.39320 1.76092 2.01468 11.14783 1586.5 12863.7 1.73342 0.10092 
0.98944 1.54000 0.39779 1.76466 2.01979 11.13858 1590.3 12892.7 1.73661 0.10091 
0.98945 1.54800 0.40239 1.76837 2.02487 11.12941 1593.9 12921.6 1.73990 0.10091 
0.98945 1.55600 0.40702 1.77203 2.02988 11.12026 1597.4 12950.3 1.74312 0.10090 
0.98946 1.56400 0.41168 1.77564 2.03481 11.11112 1601.0 12978.8 1.74626 0.10089 
0.98947 1.57200 0.41635 1.77919 2.03969 11.10200 1604.4 13007.2 1.74933 0.10089 
0.98948 1.58000 0.42105 1.78269 2.04450 11.09290 1607.8 13035.3 1.75233 0.10088 
0.98948 1.58800 0.42577 1.78614 2.04924 11.08382 1611.2 13063.4 1.75525 0.10087 
0.98949 1.59600 0.43051 1.78953 2.05392 11.07476 1614.5 13091.3 1.75811 0.10086 
0.98950 1.60400 0.43527 1.79288 2.05854 11.06572 1617.7 13119.0 1.76091 0.10084 
0.98950 1.61200 0.44005 1.79618 2.06310 11.05670 1620.7 13146.7 1.76364 0.10081 
0.98951 1.62000 0.44486 1.79943 2.06760 11.04770 1623.6 13174.1 1.76631 0.10078 
0.98951 1.62800 0.44969 1.80264 2.07204 11.03872 1626.4 13201.5 1.76892 0.10074 
0.98952 1.63600 0.45454 1.80580 2.07642 11.02976 1629.3 13228.7 1.77146 0.10071 
0.98952 1.64400 0.45941 1.80891 2.08075 11.02083 1632.0 13255.7 1.77395 0.10067 
0.98953 1.65200 0.46430 1.81198 2.08502 11.01191 1634.7 13282.6 1.77638 0.10064 
0.98953 1.66000 0.46921 1.81500 2.08923 11.00302 1637.4 13309.4 1.77875 0.10060 
0.98953 1.66800 0.47414 1.81798 2.09339 10.99415 1640.0 13336.0 1.78106 0.10056 
0.98954 1.67600 0.47910 1.82091 2.09749 10.98530 1642.6 13362.5 1.78331 0.10053 
0.98954 1.68400 0.48408 1.82381 2.10153 10.97647 1645.2 13388.8 1.78550 0.10049 
0.98954 1.69200 0.48907 1.82666 2.10553 10.96766 1647.8 13415.0 1.78764 0.10045 
0.98955 1.70000 0.49409 1.82946 2.10946 10.95887 1650.3 13441.0 1.78972 0.10041 
0.98955 1.70800 0.49913 1.83223 2.11335 10.95010 1652.9 13466.9 1.79174 0.10038 
0.98955 1.71600 0.50419 1.83496 2.11718 10.94136 1655.4 13492.6 1.79371 0.10034 
0.98955 1.72400 0.50927 1.83764 2.12096 10.93263 1657.9 13518.2 1.79562 0.10031 
0.98956 1.73200 0.51436 1.84029 2.12469 10.92393 1660.6 13543.7 1.79747 0.10028 
0.98956 1.74000 0.51948 1.84289 2.12836 10.91524 1663.3 13568.9 1.79926 0.10026 
0.98956 1.74800 0.52462 1.84546 2.13198 10.90658 1666.0 13594.0 1.80099 0.10025 
0.98956 1.75600 0.52978 1.84798 2.13555 10.89794 1668.8 13619.0 1.80267 0.10023 
0.98957 1.76400 0.53496 1.85047 2.13907 10.88932 1671.6 13643.8 1.80429 0.10022 
0.98957 1.77200 0.54016 1.85292 2.14254 10.88072 1674.4 13668.5 1.80585 0.10021 
0.98957 1.78000 0.54538 1.85533 2.14595 10.87215 1677.2 13693.1 1.80736 0.10020 
0.98957 1.78800 0.55062 1.85770 2.14932 10.86360 1680.1 13717.5 1.80882 0.10020 
0.98958 1.79600 0.55588 1.86004 2.15264 10.85507 1682.9 13741.8 1.81023 0.10019 
0.98958 1.80400 0.56116 1.86234 2.15591 10.84656 1685.8 13765.9 1.81159 0.10019 
0.98958 1.81200 0.56645 1.86461 2.15913 10.83808 1688.6 13789.9 1.81290 0.10019 
0.98959 1.82000 0.57177 1.86684 2.16231 10.82962 1691.5 13813.8 1.81415 0.10019 
0.98959 1.82800 0.57711 1.86904 2.16544 10.82119 1694.4 13837.6 1.81536 0.10019 
0.98959 1.83600 0.58246 1.87120 2.16853 10.81278 1697.3 13861.2 1.81653 0.10019 
0.98960 1.84400 0.58783 1.87333 2.17157 10.80439 1700.2 13884.7 1.81764 0.10020 
0.98960 1.85200 0.59323 1.87543 2.17457 10.79603 1703.1 13908.1 1.81871 0.10020 
0.98960 1.86000 0.59864 1.87750 2.17752 10.78769 1706.0 13931.3 1.81973 0.10021 
0.98961 1.86800 0.60407 1.87953 2.18043 10.77938 1708.9 13954.4 1.82071 0.10022 
0.98961 1.87600 0.60952 1.88153 2.18329 10.77109 1711.9 13977.4 1.82165 0.10023 
0.98961 1.88400 0.61499 1.88350 2.18612 10.76283 1714.8 14000.3 1.82254 0.10024 
0.98962 1.89200 0.62048 1.88544 2.18890 10.75459 1717.7 14023.1 1.82340 0.10025 
0.98962 1.90000 0.62598 1.88735 2.19164 10.74638 1720.6 14045.7 1.82421 0.10026 
0.98962 1.90800 0.63151 1.88923 2.19434 10.73819 1723.5 14068.3 1.82498 0.10027 
0.98963 1.91600 0.63705 1.89107 2.19700 10.73003 1726.3 14090.7 1.82571 0.10028 
0.98963 1.92400 0.64261 1.89289 2.19962 10.72189 1729.2 14113.0 1.82640 0.10029 
0.98963 1.93200 0.64819 1.89469 2.20221 10.71378 1732.0 14135.2 1.82706 0.10031 
0.98964 1.94000 0.65379 1.89645 2.20475 10.70570 1734.9 14157.3 1.82767 0.10032 
0.98964 1.94800 0.65940 1.89819 2.20726 10.69764 1737.8 14179.3 1.82825 0.10033 
0.98964 1.95600 0.66504 1.89989 2.20972 10.68960 1740.7 14201.1 1.82880 0.10035 
0.98965 1.96400 0.67069 1.90157 2.21215 10.68160 1743.6 14222.9 1.82931 0.10037 
0.98965 1.97200 0.67636 1.90323 2.21455 10.67361 1746.5 14244.5 1.82978 0.10038 
0.98965 1.98000 0.68204 1.90486 2.21691 10.66566 1749.4 14266.0 1.83022 0.10041 
0.98966 1.98800 0.68775 1.90646 2.21923 10.65773 1752.3 14287.4 1.83062 0.10043 
0.98966 1.99600 0.69347 1.90803 2.22152 10.64982 1755.2 14308.7 1.83099 0.10044 
0.98966 2.00400 0.69921 1.90959 2.22377 10.64194 1758.0 14330.0 1.83133 0.10046 
0.98967 2.01200 0.70497 1.91111 2.22598 10.63409 1760.9 14351.1 1.83164 0.10048 
0.98967 2.02000 0.71074 1.91261 2.22817 10.62626 1763.8 14372.0 1.83191 0.10051 
0.98967 2.02800 0.71653 1.91409 2.23032 10.61846 1766.7 14392.9 1.83215 0.10053 
0.98968 2.03600 0.72234 1.91551 2.23238 10.61061 1769.6 14413.8 1.83217 0.10055 
0.98968 2.04400 0.72817 1.91693 2.23446 10.60286 1772.5 14434.5 1.83235 0.10057 
0.98968 2.05200 0.73401 1.91834 2.23651 10.59513 1775.4 14455.1 1.83250 0.10060 
0.98969 2.06000 0.73987 1.91972 2.23853 10.58744 1778.3 14475.6 1.83262 0.10062 
0.98969 2.06800 0.74574 1.92108 2.24051 10.57976 1781.1 14496.0 1.83272 0.10064 
0.98969 2.07600 0.75164 1.92241 2.24246 10.57212 1783.9 14516.2 1.83278 0.10067 
0.98970 2.08400 0.75755 1.92373 2.24439 10.56450 1786.8 14536.4 1.83282 0.10069 
0.98970 2.09200 0.76347 1.92502 2.24628 10.55690 1789.6 14556.5 1.83282 0.10072 
0.98970 2.10000 0.76941 1.92629 2.24814 10.54933 1792.4 14576.5 1.83281 0.10074 
0.98970 2.10800 0.77537 1.92754 2.24997 10.54179 1795.3 14596.4 1.83276 0.10077 
0.98971 2.11600 0.78135 1.92877 2.25177 10.53427 1798.0 14616.2 1.83269 0.10079 
0.98971 2.12400 0.78734 1.92998 2.25354 10.52678 1800.8 14635.9 1.83260 0.10082 
0.98971 2.13200 0.79335 1.93116 2.25528 10.51931 1803.5 14655.6 1.83247 0.10084 
0.98972 2.14000 0.79937 1.93233 2.25700 10.51186 1806.3 14675.1 1.83233 0.10086 
0.98972 2.14800 0.80541 1.93348 2.25868 10.50445 1809.0 14694.5 1.83216 0.10088 
0.98972 2.15600 0.81147 1.93460 2.26034 10.49705 1811.7 14713.9 1.83196 0.10090 
0.98973 2.16400 0.81754 1.93571 2.26197 10.48969 1814.3 14733.2 1.83175 0.10092 
0.98973 2.17200 0.82363 1.93680 2.26357 10.48234 1817.0 14752.3 1.83151 0.10095 
0.98973 2.18000 0.82973 1.93787 2.26515 10.47503 1819.6 14771.4 1.83124 0.10097 
0.98974 2.18800 0.83585 1.93892 2.26670 10.46773 1822.3 14790.4 1.83096 0.10099 
0.98974 2.19600 0.84199 1.93995 2.26822 10.46046 1824.8 14809.4 1.83065 0.10100 
0.98974 2.20400 0.84814 1.94096 2.26972 10.45322 1827.4 14828.2 1.83033 0.10102 
0.98975 2.21200 0.85431 1.94196 2.27119 10.44600 1829.9 14847.0 1.82998 0.10104 
0.98975 2.22000 0.86049 1.94294 2.27264 10.43881 1832.5 14865.6 1.82961 0.10106 
0.98975 2.22800 0.86669 1.94390 2.27406 10.43164 1835.0 14884.2 1.82922 0.10107 
0.98975 2.23600 0.87290 1.94484 2.27546 10.42449 1837.4 14902.7 1.82881 0.10109 
0.98976 2.24400 0.87913 1.94577 2.27683 10.41737 1839.9 14921.1 1.82838 0.10110 
0.98976 2.25200 0.88537 1.94668 2.27818 10.41028 1842.3 14939.5 1.82793 0.10112 
0.98976 2.26000 0.89163 1.94757 2.27950 10.40321 1844.8 14957.7 1.82746 0.10113 
0.98977 2.26800 0.89791 1.94845 2.28080 10.39616 1847.2 14975.9 1.82697 0.10115 
0.98977 2.27600 0.90420 1.94931 2.28208 10.38913 1849.5 14994.0 1.82647 0.10116 
0.98977 2.28400 0.91050 1.95016 2.28333 10.38213 1851.9 15012.0 1.82595 0.10117 
0.98977 2.29200 0.91682 1.95099 2.28457 10.37516 1854.2 15030.0 1.82541 0.10118 
0.98978 2.30000 0.92315 1.95180 2.28578 10.36821 1856.5 15047.8 1.82485 0.10119 
0.98978 2.30800 0.92950 1.95260 2.28696 10.36128 1858.8 15065.6 1.82427 0.10120 
0.98978 2.31600 0.93587 1.95338 2.28813 10.35437 1861.0 15083.3 1.82368 0.10121 
0.98979 2.32400 0.94225 1.95415 2.28927 10.34749 1863.2 15101.0 1.82307 0.10122 
0.98979 2.33200 0.94864 1.95490 2.29040 10.34063 1865.5 15118.6 1.82245 0.10122 
0.98979 2.34000 0.95505 1.95564 2.29150 10.33380 1867.7 15136.0 1.82181 0.10123 
0.98979 2.34800 0.96147 1.95637 2.29258 10.32699 1869.9 15153.5 1.82116 0.10124 
0.98980 2.35600 0.96790 1.95708 2.29364 10.32020 1872.1 15170.8 1.82049 0.10125 
0.98980 2.36400 0.97435 1.95778 2.29469 10.31344 1874.2 15188.1 1.81980 0.10125 
0.98980 2.37200 0.98082 1.95846 2.29571 10.30670 1876.4 15205.2 1.81910 0.10126 
0.98981 2.38000 0.98730 1.95913 2.29671 10.29999 1878.5 15222.4 1.81839 0.10127 
0.98981 2.38800 0.99379 1.95979 2.29769 10.29329 1880.7 15239.4 1.81766 0.10127 
0.98981 2.39600 1.00030 1.96044 2.29866 10.28662 1882.8 15256.4 1.81692 0.10128 
0.98981 2.40400 1.00682 1.96107 2.29960 10.27998 1884.9 15273.3 1.81616 0.10128 
0.98982 2.41200 1.01335 1.96169 2.30053 10.27335 1887.0 15290.1 1.81539 0.10129 
0.98982 2.42000 1.01990 1.96228 2.30142 10.26672 1889.1 15306.9 1.81453 0.10130 
0.98982 2.42800 1.02647 1.96287 2.30231 10.26015 1891.2 15323.6 1.81374 0.10130 
0.98983 2.43600 1.03304 1.96345 2.30318 10.25359 1893.3 15340.2 1.81293 0.10131 
0.98983 2.44400 1.03963 1.96402 2.30403 10.24706 1895.3 15356.8 1.81212 0.10131 
0.98983 2.45200 1.04623 1.96458 2.30487 10.24056 1897.4 15373.3 1.81129 0.10132 
0.98983 2.46000 1.05285 1.96513 2.30568 10.23407 1899.4 15389.7 1.81044 0.10132 
0.98984 2.46800 1.05948 1.96566 2.30649 10.22761 1901.4 15406.0 1.80959 0.10133 
0.98984 2.47600 1.06613 1.96618 2.30727 10.22117 1903.4 15422.3 1.80872 0.10133 
0.98984 2.48400 1.07278 1.96669 2.30804 10.21475 1905.4 15438.5 1.80785 0.10134 
0.98984 2.49200 1.07945 1.96719 2.30879 10.20836 1907.4 15454.6 1.80696 0.10134 
0.98985 2.50000 1.08614 1.96768 2.30953 10.20198 1909.4 15470.7 1.80606 0.10134 
0.98985 2.50800 1.09283 1.96816 2.31025 10.19563 1911.4 15486.7 1.80516 0.10135 
0.98985 2.51600 1.09955 1.96863 2.31095 10.18931 1913.3 15502.7 1.80424 0.10135 
0.98985 2.52400 1.10627 1.96909 2.31164 10.18300 1915.3 15518.6 1.80331 0.10136 
0.98986 2.53200 1.11301 1.96953 2.31231 10.17672 1917.2 15534.4 1.80237 0.10136 
0.98986 2.54000 1.11976 1.96997 2.31297 10.17045 1919.2 15550.1 1.80142 0.10137 
0.98986 2.54800 1.12652 1.97039 2.31361 10.16421 1921.1 15565.8 1.80047 0.10137 
0.98986 2.55600 1.13329 1.97081 2.31424 10.15799 1923.0 15581.4 1.79950 0.10137 
0.98987 2.56400 1.14008 1.97122 2.31485 10.15180 1924.9 15597.0 1.79852 0.10138 
0.98987 2.57200 1.14688 1.97161 2.31545 10.14562 1926.8 15612.5 1.79754 0.10138 
0.98987 2.58000 1.15370 1.97200 2.31603 10.13946 1928.7 15627.9 1.79654 0.10139 
0.98987 2.58800 1.16052 1.97238 2.31660 10.13333 1930.6 15643.3 1.79554 0.10139 
0.98988 2.59600 1.16736 1.97275 2.31715 10.12722 1932.5 15658.6 1.79453 0.10139 
0.98988 2.60400 1.17422 1.97310 2.31769 10.12113 1934.3 15673.9 1.79351 0.10140 
0.98988 2.61200 1.18108 1.97345 2.31822 10.11506 1936.2 15689.1 1.79249 0.10140 
0.98989 2.62000 1.18796 1.97379 2.31874 10.10901 1938.1 15704.2 1.79145 0.10140 
0.98989 2.62800 1.19485 1.97412 2.31924 10.10298 1939.9 15719.3 1.79041 0.10141 
0.98989 2.63600 1.20175 1.97445 2.31972 10.09698 1941.7 15734.3 1.78936 0.10141 
0.98989 2.64400 1.20866 1.97476 2.32020 10.09099 1943.5 15749.3 1.78830 0.10141 
0.98990 2.65200 1.21559 1.97507 2.32066 10.08503 1945.3 15764.2 1.78724 0.10141 
0.98990 2.66000 1.22253 1.97536 2.32111 10.07908 1947.2 15779.0 1.78617 0.10142 
0.98990 2.66800 1.22948 1.97565 2.32154 10.07316 1949.0 15793.8 1.78509 0.10142 
0.98990 2.67600 1.23644 1.97593 2.32197 10.06726 1950.8 15808.5 1.78401 0.10143 
0.98990 2.68400 1.24342 1.97621 2.32238 10.06137 1952.6 15823.2 1.78291 0.10143 
0.98991 2.69200 1.25040 1.97647 2.32278 10.05551 1954.4 15837.8 1.78182 0.10143 
0.98991 2.70000 1.25740 1.97673 2.32317 10.04967 1956.2 15852.4 1.78071 0.10144 
0.98991 2.70800 1.26441 1.97697 2.32354 10.04385 1957.9 15866.9 1.77960 0.10144 
0.98991 2.71600 1.27144 1.97721 2.32390 10.03805 1959.7 15881.3 1.77848 0.10144 
0.98992 2.72400 1.27847 1.97745 2.32426 10.03226 1961.4 15895.7 1.77736 0.10144 
0.98992 2.73200 1.28552 1.97767 2.32460 10.02650 1963.2 15910.0 1.77623 0.10145 
0.98992 2.74000 1.29258 1.97789 2.32493 10.02076 1964.9 15924.3 1.77510 0.10145 
0.98992 2.74800 1.29965 1.97810 2.32524 10.01504 1966.7 15938.6 1.77396 0.10145 
0.98993 2.75600 1.30673 1.97831 2.32555 10.00933 1968.4 15952.7 1.77281 0.10145 
0.98993 2.76400 1.31382 1.97850 2.32585 10.00365 1970.1 15966.8 1.77166 0.10146 
0.98993 2.77200 1.32093 1.97869 2.32613 9.99799 1971.8 15980.9 1.77051 0.10146 
0.98993 2.78000 1.32804 1.97887 2.32641 9.99234 1973.5 15994.9 1.76935 0.10146 
0.98993 2.78800 1.33517 1.97905 2.32667 9.98672 1975.2 16008.9 1.76818 0.10146 
0.98994 2.79600 1.34231 1.97922 2.32693 9.98111 1976.9 16022.8 1.76701 0.10147 
0.98994 2.80400 1.34946 1.97938 2.32717 9.97553 1978.6 16036.6 1.76584 0.10147 
0.98994 2.81200 1.35662 1.97953 2.32740 9.96996 1980.2 16050.4 1.76466 0.10147 
0.98994 2.82000 1.36380 1.97968 2.32763 9.96441 1981.9 16064.2 1.76347 0.10147 
0.98995 2.82800 1.37098 1.97982 2.32784 9.95888 1983.6 16077.9 1.76228 0.10147 
0.98995 2.83600 1.37818 1.98015 2.32833 9.95371 1984.4 16091.2 1.76183 0.10146 
0.98995 2.84400 1.38538 1.98029 2.32853 9.94822 1986.1 16104.8 1.76064 0.10146 
0.98996 2.85200 1.39260 1.98041 2.32872 9.94276 1987.7 16118.4 1.75945 0.10146 
0.98996 2.86000 1.39983 1.98053 2.32889 9.93731 1989.3 16131.9 1.75825 0.10146 
0.98996 2.86800 1.40707 1.98065 2.32907 9.93189 1991.4 16145.2 1.75706 0.10149 
0.98996 2.87600 1.41432 1.98076 2.32923 9.92648 1993.0 16158.6 1.75586 0.10149 
0.98996 2.88400 1.42158 1.98086 2.32938 9.92108 1994.6 16172.0 1.75465 0.10149 
0.98996 2.89200 1.42885 1.98096 2.32952 9.91571 1996.2 16185.3 1.75344 0.10149 
0.98997 2.90000 1.43613 1.98105 2.32966 9.91035 1997.8 16198.5 1.75222 0.10150 
0.98997 2.90800 1.44343 1.98113 2.32978 9.90501 1999.4 16211.7 1.75101 0.10150 
0.98997 2.91600 1.45073 1.98121 2.32990 9.89969 2000.9 16224.9 1.74978 0.10149 
0.98997 2.92400 1.45805 1.98128 2.33001 9.89439 2002.5 16238.0 1.74856 0.10149 
0.98997 2.93200 1.46537 1.98135 2.33011 9.88911 2004.0 16251.0 1.74733 0.10150 
0.98998 2.94000 1.47271 1.98141 2.33020 9.88384 2005.6 16264.0 1.74610 0.10150 
0.98998 2.94800 1.48005 1.98147 2.33028 9.87860 2007.2 16277.0 1.74487 0.10150 
0.98998 2.95600 1.48741 1.98152 2.33036 9.87337 2008.7 16289.9 1.74364 0.10150 
0.98998 2.96400 1.49478 1.98157 2.33043 9.86816 2010.3 16302.8 1.74240 0.10150 
0.98998 2.97200 1.50215 1.98161 2.33049 9.86296 2011.8 16315.6 1.74116 0.10150 
0.98999 2.98000 1.50954 1.98165 2.33054 9.85778 2013.4 16328.3 1.73992 0.10150 
0.98999 2.98800 1.51694 1.98168 2.33058 9.85263 2014.9 16341.1 1.73867 0.10151 
0.98999 2.99600 1.52435 1.98171 2.33062 9.84749 2016.6 16353.7 1.73743 0.10151 
0.98999 3.00400 1.53177 1.98173 2.33065 9.84236 2018.1 16366.4 1.73618 0.10151 
0.98999 3.01200 1.53920 1.98175 2.33067 9.83726 2019.6 16379.0 1.73492 0.10152 
0.99000 3.02000 1.54664 1.98176 2.33068 9.83217 2021.1 16391.5 1.73367 0.10152 
0.99000 3.02800 1.55409 1.98177 2.33069 9.82709 2022.6 16404.0 1.73242 0.10152 
0.99001 3.03600 1.56154 1.98177 2.33068 9.82201 2023.1 16416.6 1.73115 0.10147 
0.99000 3.04400 1.56901 1.98177 2.33068 9.81700 2025.6 16428.9 1.72990 0.10152 
0.99000 3.05200 1.57649 1.98177 2.33067 9.81198 2027.1 16441.2 1.72864 0.10152 
0.99001 3.06000 1.58398 1.98176 2.33064 9.80697 2028.6 16453.6 1.72737 0.10152 
0.99001 3.06800 1.59148 1.98175 2.33062 9.80198 2030.1 16465.9 1.72611 0.10152 
0.99001 3.07600 1.59899 1.98173 2.33058 9.79701 2031.5 16478.1 1.72484 0.10152 
0.99001 3.08400 1.60651 1.98170 2.33054 9.79206 2033.0 16490.3 1.72357 0.10153 
0.99001 3.09200 1.61404 1.98168 2.33049 9.78712 2034.5 16502.4 1.72230 0.10153 
0.99001 3.10000 1.62158 1.98165 2.33044 9.78219 2035.9 16514.6 1.72103 0.10153 
0.99002 3.10800 1.62913 1.98161 2.33037 9.77729 2037.4 16526.6 1.71976 0.10153 
0.99002 3.11600 1.63668 1.98157 2.33031 9.77240 2038.8 16538.7 1.71849 0.10153 
0.99002 3.12400 1.64425 1.98153 2.33023 9.76752 2040.2 16550.6 1.71721 0.10153 
0.99002 3.13200 1.65183 1.98148 2.33015 9.76267 2041.7 16562.6 1.71593 0.10153 
0.99002 3.14000 1.65942 1.98143 2.33007 9.75783 2043.1 16574.5 1.71466 0.10153 
0.99003 3.14800 1.66701 1.98137 2.32997 9.75300 2044.5 16586.4 1.71338 0.10153 
0.99003 3.15600 1.67462 1.98131 2.32987 9.74819 2046.0 16598.2 1.71210 0.10153 
0.99003 3.16400 1.68223 1.98126 2.32978 9.74340 2047.4 16609.9 1.71082 0.10154 
0.99003 3.17200 1.68986 1.98119 2.32967 9.73863 2048.9 16621.7 1.70954 0.10154 
0.99003 3.18000 1.69749 1.98112 2.32955 9.73387 2050.3 16633.4 1.70826 0.10154 
0.99003 3.18800 1.70514 1.98105 2.32943 9.72912 2051.7 16645.0 1.70698 0.10154 
0.99004 3.19600 1.71279 1.98097 2.32930 9.72439 2053.1 16656.7 1.70570 0.10154 
0.99004 3.20400 1.72045 1.98089 2.32917 9.71967 2054.5 16668.3 1.70441 0.10154 
0.99004 3.21200 1.72812 1.98080 2.32903 9.71497 2055.8 16679.8 1.70313 0.10154 
0.99004 3.22000 1.73580 1.98072 2.32889 9.71029 2057.2 16691.3 1.70184 0.10154 
0.99004 3.22800 1.74349 1.99521 2.34962 9.73386 1963.5 16672.5 1.80285 0.10118 
0.99004 3.23600 1.75119 1.99512 2.34947 9.72921 1964.9 16683.9 1.80155 0.10119 
0.99005 3.24400 1.75890 1.98004 2.32783 9.69564 2061.8 16726.4 1.69665 0.10153 
0.99005 3.25200 1.76662 1.97993 2.32765 9.69101 2063.2 16737.7 1.69534 0.10153 
0.99005 3.26000 1.77434 1.97982 2.32747 9.68639 2064.5 16749.0 1.69404 0.10153 
0.99005 3.26800 1.78208 1.97971 2.32729 9.68178 2065.9 16760.3 1.69274 0.10153 
0.99005 3.27600 1.78982 1.97959 2.32710 9.67720 2067.2 16771.6 1.69143 0.10153 
0.99005 3.28400 1.79758 1.97948 2.32691 9.67262 2068.6 16782.8 1.69012 0.10153 
0.99006 3.29200 1.80534 1.97935 2.32671 9.66806 2069.9 16794.0 1.68882 0.10153 
0.99006 3.30000 1.81311 1.97923 2.32650 9.66352 2071.3 16805.1 1.68751 0.10153 
0.99006 3.30800 1.82089 1.97910 2.32630 9.65899 2072.6 16816.2 1.68621 0.10153 
0.99006 3.31600 1.82868 1.97897 2.32608 9.65447 2073.9 16827.3 1.68490 0.10153 
0.99006 3.32400 1.83647 1.97883 2.32586 9.64997 2075.3 16838.3 1.68359 0.10153 
0.99006 3.33200 1.84428 1.97869 2.32564 9.64549 2076.6 16849.3 1.68228 0.10153 
0.99006 3.34000 1.85209 1.97855 2.32541 9.64101 2077.9 16860.2 1.68098 0.10153 
0.99007 3.34800 1.85992 1.97841 2.32518 9.63656 2079.2 16871.1 1.67967 0.10153 
0.99007 3.35600 1.86775 1.97826 2.32494 9.63211 2080.5 16882.0 1.67836 0.10153 
0.99007 3.36400 1.87559 1.97812 2.32470 9.62768 2081.8 16892.9 1.67705 0.10153 
0.99007 3.37200 1.88344 1.97796 2.32444 9.62325 2083.0 16903.7 1.67572 0.10152 
0.99007 3.38000 1.89130 1.97798 2.32448 9.61912 2084.4 16914.2 1.67473 0.10153 
0.99007 3.38800 1.89916 1.97783 2.32423 9.61475 2085.7 16925.0 1.67344 0.10153 
0.99008 3.39600 1.90704 1.97751 2.32373 9.61011 2087.0 16936.0 1.67170 0.10152 
0.99008 3.40400 1.91492 1.97736 2.32347 9.60575 2088.3 16946.6 1.67040 0.10152 
0.99008 3.41200 1.92281 1.97719 2.32321 9.60141 2089.6 16957.3 1.66910 0.10152 
0.99008 3.42000 1.93071 1.97703 2.32294 9.59708 2090.9 16967.9 1.66780 0.10152 
0.99008 3.42800 1.93862 1.97686 2.32267 9.59277 2092.2 16978.4 1.66650 0.10152 
0.99008 3.43600 1.94653 1.97670 2.32240 9.58847 2093.4 16989.0 1.66520 0.10152 
0.99009 3.44400 1.95446 1.97652 2.32212 9.58418 2094.7 16999.5 1.66390 0.10151 
0.99009 3.45200 1.96239 1.97635 2.32184 9.57991 2096.0 17009.9 1.66260 0.10151 
0.99009 3.46000 1.97033 1.97618 2.32156 9.57565 2097.2 17020.4 1.66130 0.10151 
0.99009 3.46800 1.97828 1.97600 2.32127 9.57141 2098.5 17030.7 1.66000 0.10151 
0.99009 3.47600 1.98624 1.97582 2.32097 9.56717 2099.7 17041.1 1.65870 0.10151 
0.99009 3.48400 1.99421 1.97563 2.32068 9.56295 2100.9 17051.4 1.65741 0.10151 
0.99009 3.49200 2.00218 1.97545 2.32038 9.55875 2102.1 17061.7 1.65611 0.10151 
0.99010 3.50000 2.01016 1.97526 2.32008 9.55455 2103.4 17072.0 1.65481 0.10151 
0.99010 3.50800 2.01815 1.97507 2.31977 9.55037 2104.6 17082.3 1.65352 0.10151 
0.99010 3.51600 2.02615 1.97488 2.31946 9.54620 2105.8 17092.5 1.65222 0.10151 
0.99010 3.52400 2.03415 1.97469 2.31915 9.54205 2107.1 17102.6 1.65093 0.10151 
0.99010 3.53200 2.04216 1.97656 2.32193 9.54148 2105.1 17108.5 1.65659 0.10157 
0.99010 3.54000 2.05018 1.97638 2.32164 9.53738 2106.3 17118.5 1.65534 0.10157 
0.99010 3.54800 2.05821 1.97622 2.32138 9.53334 2107.6 17128.5 1.65419 0.10157 
0.99010 3.55600 2.06625 1.97604 2.32109 9.52927 2108.8 17138.5 1.65295 0.10157 
0.99011 3.56400 2.07429 1.97586 2.32079 9.52521 2109.9 17148.5 1.65171 0.10157 
0.99011 3.57200 2.08235 1.97567 2.32048 9.52116 2111.1 17158.4 1.65048 0.10157 
0.99011 3.58000 2.09041 1.97324 2.31680 9.51327 2115.6 17173.0 1.64191 0.10151 
0.99011 3.58800 2.09847 1.97303 2.31646 9.50921 2116.8 17182.9 1.64062 0.10151 
0.99011 3.59600 2.10655 1.97281 2.31611 9.50517 2118.0 17192.8 1.63933 0.10151 
0.99011 3.60400 2.11463 1.97260 2.31576 9.50113 2119.1 17202.7 1.63804 0.10151 
0.99011 3.61200 2.12272 1.97238 2.31541 9.49711 2120.3 17212.5 1.63675 0.10151 
0.99012 3.62000 2.13082 1.97216 2.31505 9.49311 2121.5 17222.3 1.63546 0.10150 
0.99012 3.62800 2.13893 1.97194 2.31469 9.48911 2122.7 17232.1 1.63417 0.10150 
0.99012 3.63600 2.14704 1.97171 2.31433 9.48513 2123.8 17241.8 1.63288 0.10150 
0.99012 3.64400 2.15516 1.97149 2.31396 9.48115 2125.0 17251.5 1.63160 0.10150 
0.99012 3.65200 2.16329 1.97126 2.31360 9.47719 2126.2 17261.2 1.63031 0.10150 
0.99012 3.66000 2.17143 1.97103 2.31322 9.47325 2127.3 17270.9 1.62903 0.10150 
0.99012 3.66800 2.17957 1.97080 2.31285 9.46931 2128.5 17280.5 1.62774 0.10150 
0.99013 3.67600 2.18772 1.97057 2.31247 9.46538 2129.6 17290.1 1.62646 0.10150 
0.99013 3.68400 2.19588 1.97034 2.31209 9.46147 2130.8 17299.6 1.62518 0.10149 
0.99013 3.69200 2.20405 1.97010 2.31171 9.45757 2131.9 17309.2 1.62390 0.10149 
0.99013 3.70000 2.21222 1.96986 2.31133 9.45368 2133.1 17318.7 1.62262 0.10149 
0.99013 3.70800 2.22040 1.96962 2.31094 9.44980 2134.2 17328.2 1.62134 0.10149 
0.99013 3.71600 2.22859 1.96938 2.31055 9.44594 2135.3 17337.6 1.62006 0.10149 
0.99013 3.72400 2.23678 1.96914 2.31015 9.44208 2136.5 17347.0 1.61878 0.10149 
0.99013 3.73200 2.24498 1.96890 2.30976 9.43824 2137.6 17356.4 1.61750 0.10149 
0.99014 3.74000 2.25319 1.96865 2.30936 9.43441 2138.7 17365.8 1.61623 0.10149 
0.99014 3.74800 2.26141 1.96840 2.30896 9.43059 2139.8 17375.1 1.61495 0.10148 
0.99014 3.75600 2.26963 1.96815 2.30855 9.42678 2140.9 17384.4 1.61368 0.10148 
0.99014 3.76400 2.27786 1.96790 2.30815 9.42298 2142.1 17393.7 1.61241 0.10148 
0.99014 3.77200 2.28610 1.96765 2.30774 9.41920 2143.2 17403.0 1.61113 0.10148 
0.99014 3.78000 2.29435 1.96755 2.30755 9.41564 2144.3 17412.0 1.61010 0.10148 
0.99014 3.78800 2.30260 1.96730 2.30715 9.41188 2145.4 17421.2 1.60884 0.10148 
0.99014 3.79600 2.31086 1.96705 2.30675 9.40814 2146.5 17430.3 1.60759 0.10148 
0.99015 3.80400 2.31912 1.96680 2.30634 9.40441 2147.6 17439.5 1.60634 0.10148 
0.99015 3.81200 2.32740 1.96655 2.30593 9.40069 2148.7 17448.6 1.60509 0.10147 
0.99015 3.82000 2.33568 1.96629 2.30552 9.39698 2149.8 17457.6 1.60384 0.10147 
0.99015 3.82800 2.34396 1.96604 2.30511 9.39329 2150.9 17466.7 1.60259 0.10147 
0.99015 3.83600 2.35226 1.96579 2.30469 9.38960 2152.0 17475.7 1.60134 0.10147 
0.99015 3.84400 2.36056 1.96553 2.30428 9.38593 2153.1 17484.7 1.60010 0.10147 
0.99015 3.85200 2.36887 1.96537 2.30401 9.38240 2154.2 17493.5 1.59898 0.10147 
0.99015 3.86000 2.37718 1.96512 2.30360 9.37876 2155.3 17502.5 1.59775 0.10146 
0.99015 3.86800 2.38550 1.96487 2.30319 9.37513 2156.3 17511.4 1.59652 0.10146 
0.99016 3.87600 2.39383 1.96461 2.30277 9.37150 2157.4 17520.3 1.59529 0.10146 
0.99016 3.88400 2.40216 1.96436 2.30235 9.36789 2158.5 17529.1 1.59406 0.10146 
0.99016 3.89200 2.41050 1.96409 2.30193 9.36429 2159.5 17537.9 1.59283 0.10146 
0.99016 3.90000 2.41885 1.96383 2.30150 9.36070 2160.6 17546.7 1.59161 0.10146 
0.99016 3.90800 2.42721 1.96358 2.30108 9.35712 2161.7 17555.5 1.59039 0.10146 
0.99015 3.91600 2.43557 1.96307 2.30029 9.35324 2163.8 17564.4 1.58887 0.10151 
0.99015 3.92400 2.44394 1.96280 2.29984 9.34966 2164.8 17573.1 1.58763 0.10151 
0.99016 3.93200 2.45231 1.96253 2.29940 9.34610 2165.9 17581.9 1.58639 0.10151 
0.99016 3.94000 2.46069 1.96225 2.29895 9.34255 2166.9 17590.5 1.58516 0.10151 
0.99016 3.94800 2.46908 1.96198 2.29850 9.33900 2168.0 17599.2 1.58392 0.10151 
0.99016 3.95600 2.47748 1.96170 2.29805 9.33547 2169.0 17607.8 1.58269 0.10150 
0.99017 3.96400 2.48588 1.96246 2.29919 9.33349 2168.7 17614.9 1.58338 0.10146 
0.99017 3.97200 2.49428 1.96221 2.29878 9.33002 2169.8 17623.5 1.58221 0.10146 
0.99017 3.98000 2.50270 1.96195 2.29837 9.32657 2170.8 17632.0 1.58104 0.10145 
0.99017 3.98800 2.51112 1.96170 2.29795 9.32312 2171.8 17640.5 1.57987 0.10145 
0.99017 3.99600 2.51955 1.96145 2.29754 9.31968 2172.9 17648.9 1.57870 0.10145 